1 1 0.0 0.0 0.0 6.50423 -1
4 3 5.07 5.39 -0.7 1.505 1
5 3 4.93 7.89 -0.7 1.04 4
6 3 6.3 10.67 -0.87 1.04 5
7 3 7.65 13.28 -1.05 0.925 6
8 3 8.69 15.36 -1.18 0.925 7
9 3 9.14 17.54 -0.59 0.865 8
10 3 9.84 19.52 -0.63 0.865 9
11 3 9.29 20.84 -0.58 0.58 10
12 3 8.75 22.89 -0.53 0.58 11
13 3 8.53 25.01 -0.06 0.58 12
14 3 8.93 26.86 0.47 0.52 13
15 3 9.3 29.87 0.66 0.52 14
16 3 8.83 31.94 1.31 0.52 15
17 3 8.8 34.05 3.46 0.465 16
18 3 7.68 36.8 4.03 0.465 17
19 3 7.46 38.33 4.65 0.465 18
20 3 7.27 39.44 5.21 0.465 19
21 3 6.55 40.82 6.7 0.465 20
22 3 6.51 42.24 6.74 0.465 21
23 3 6.83 43.28 7.46 0.465 22
24 3 6.64 44.3 7.52 0.465 23
25 3 4.47 45.47 8.82 0.465 24
26 3 2.95 46.03 9.45 0.465 25
27 3 2.62 47.74 10.28 0.465 26
28 3 2.44 49.37 11.7 0.465 27
29 3 1.77 51.63 11.81 0.465 28
30 3 0.44 52.64 12.01 0.465 29
31 3 -1.13 53.81 13.49 0.465 30
32 3 -2.73 55.2 13.72 0.465 31
33 3 -3.84 56.52 14.04 0.465 32
34 3 -6.5 58.24 14.74 0.465 33
35 3 -8.14 58.89 14.92 0.465 34
36 3 -10.86 59.03 15.03 0.465 35
37 3 -12.51 58.65 13.46 0.465 36
38 3 -15.43 58.32 13.75 0.465 37
39 3 -17.47 56.66 13.44 0.465 38
40 3 -19.13 55.61 14.85 0.465 39
41 3 -20.86 54.32 12.94 0.465 40
42 3 -23.42 52.54 13.15 0.465 41
43 3 -24.25 50.44 9.99 0.465 42
44 3 -25.86 49.51 10.13 0.465 43
45 3 -26.48 48.35 17.05 0.465 44
46 3 -28.45 45.99 17.29 0.465 45
47 3 -30.01 43.65 17.49 0.465 46
48 3 -30.53 42.24 17.61 0.465 47
49 3 -28.98 40.94 17.44 0.465 48
50 3 -29.9 37.92 17.56 0.465 49
51 3 -30.41 37.19 18.33 0.465 50
52 3 -32.56 36.81 18.93 0.465 51
53 3 -34.66 36.95 19.23 0.465 52
54 3 -36.3 35.29 19.43 0.465 53
55 3 -36.94 32.74 16.19 0.465 54
56 3 -35.83 31.26 16.13 0.465 55
57 3 -34.22 30.45 15.94 0.465 56
58 3 -31.82 29.94 15.67 0.465 57
59 3 -30.95 28.57 15.58 0.465 58
60 3 -29.91 26.6 15.47 0.465 59
61 3 -30.02 25.22 15.49 0.465 60
62 3 -28.02 23.68 15.27 0.465 61
63 3 -27.78 19.52 15.27 0.465 62
64 3 -25.62 17.97 15.03 0.465 63
65 3 -25.84 15.76 15.07 0.465 64
66 3 -24.2 12.96 14.7 0.465 65
67 3 -23.35 9.88 12.2 0.465 66
68 3 -23.25 7.48 8.79 0.465 67
69 3 -22.61 6.55 8.27 0.465 68
70 3 -21.44 5.1 6.48 0.465 69
71 3 -17.57 59.49 14.75 0.465 38
72 3 -18.85 61.06 17.65 0.465 71
73 3 -19.62 62.36 19.44 0.465 72
74 3 -19.98 63.47 22.15 0.465 73
75 3 -20.05 65.1 24.61 0.465 74
76 3 -20.76 67.0 16.07 0.465 75
77 3 -20.61 68.71 16.05 0.465 76
78 3 -21.25 71.02 15.55 0.465 77
79 3 2.46 53.52 11.97 0.465 29
80 3 2.48 55.57 11.75 0.465 79
81 3 3.1 57.06 11.67 0.405 80
82 3 3.2 58.44 11.45 0.405 81
83 3 1.32 59.12 10.96 0.405 82
84 3 0.31 60.31 13.74 0.405 83
85 3 -1.06 60.68 14.35 0.405 84
86 3 -1.92 60.93 15.95 0.405 85
87 3 -2.89 61.64 16.06 0.405 86
88 3 -4.31 61.44 16.23 0.405 87
89 3 -5.46 60.86 16.36 0.405 88
90 3 -6.06 61.28 16.43 0.405 89
91 3 -5.94 62.09 16.41 0.405 90
92 3 10.32 22.3 -2.72 0.58 10
93 3 10.85 24.29 -2.79 0.58 92
94 3 11.26 25.63 -3.05 0.58 93
95 3 12.56 25.77 -3.4 0.58 94
96 3 14.02 26.72 -3.58 0.52 95
97 3 14.95 27.58 -3.69 0.52 96
98 3 16.12 27.74 -3.83 0.52 97
99 3 17.25 29.8 -4.52 0.465 98
100 3 17.98 30.57 -5.67 0.465 99
101 3 21.33 33.71 -6.53 0.465 100
102 3 22.95 34.8 -6.77 0.465 101
103 3 24.91 37.49 -7.52 0.465 102
104 3 27.25 39.29 -4.58 0.465 103
105 3 28.43 40.7 -4.12 0.465 104
106 3 29.36 41.56 -4.23 0.465 105
107 3 30.11 42.69 -4.22 0.465 106
108 3 31.44 45.15 -4.29 0.465 107
109 3 33.33 47.28 -4.32 0.465 108
110 3 35.3 48.89 -4.41 0.465 109
111 3 37.3 51.52 -4.05 0.465 110
112 3 39.27 53.97 -3.59 0.465 111
113 3 40.35 55.23 -3.72 0.465 112
114 3 41.62 56.87 -3.48 0.465 113
115 3 43.83 58.38 -3.44 0.465 114
116 3 46.6 61.39 -2.67 0.465 115
117 3 47.89 63.33 -3.89 0.465 116
118 3 48.88 64.9 -5.22 0.465 117
119 3 49.45 66.06 -5.34 0.465 118
120 3 50.11 67.28 -5.43 0.465 119
121 3 50.81 66.93 -5.51 0.465 120
122 3 51.48 68.64 -6.0 0.465 121
123 3 52.39 69.91 -6.31 0.465 122
124 3 53.35 70.94 -6.43 0.465 123
125 3 54.82 72.94 -6.96 0.465 124
126 3 55.89 75.36 -7.15 0.465 125
127 3 56.95 78.89 -8.81 0.465 126
128 3 58.0 80.27 -10.8 0.465 127
129 3 59.66 82.83 -11.11 0.465 128
130 3 60.57 84.69 -11.28 0.465 129
131 3 62.2 86.35 -11.47 0.465 130
132 3 62.79 86.84 -12.0 0.465 131
133 3 66.41 89.93 -9.67 0.465 132
134 3 66.96 90.99 -14.22 0.465 133
135 3 69.23 91.89 -15.04 0.465 134
136 3 71.32 93.06 -15.74 0.465 135
137 3 75.02 97.32 -16.29 0.465 136
138 3 76.58 99.82 -16.79 0.465 137
139 3 77.44 101.86 -16.15 0.465 138
140 3 77.53 104.5 -15.72 0.465 139
141 3 79.3 107.18 -15.74 0.465 140
142 3 80.95 109.02 -15.89 0.465 141
143 3 82.29 109.44 -14.14 0.465 142
144 3 83.41 109.12 -14.16 0.405 143
145 3 84.49 110.14 -13.24 0.405 144
146 3 85.14 110.85 -14.27 0.405 145
147 3 86.72 112.2 -14.52 0.405 146
148 3 87.77 112.12 -14.69 0.405 147
149 3 89.02 111.93 -15.18 0.405 148
150 3 91.47 112.46 -13.3 0.405 149
151 3 94.01 113.37 -11.89 0.405 150
152 3 95.65 113.72 -11.73 0.405 151
153 3 97.43 114.45 -11.69 0.405 152
154 3 98.77 116.34 -11.75 0.405 153
155 3 99.39 117.82 -11.83 0.405 154
156 3 98.96 118.79 -11.79 0.405 155
157 3 98.71 119.9 -11.72 0.405 156
158 3 98.31 121.2 -11.68 0.405 157
159 3 98.28 122.19 -11.68 0.405 158
160 3 98.44 123.33 -11.71 0.405 159
161 3 99.24 126.68 -11.82 0.405 160
162 3 82.07 111.48 -16.44 0.465 143
163 3 82.31 113.68 -16.43 0.465 162
164 3 83.78 115.66 -14.75 0.465 163
165 3 85.75 117.8 -13.99 0.465 164
166 3 87.25 120.81 -14.13 0.465 165
167 3 88.84 124.57 -13.48 0.465 166
168 3 88.83 127.46 -13.65 0.465 167
169 3 88.5 130.88 -14.19 0.465 168
170 3 86.4 133.63 -15.67 0.465 169
171 3 83.77 134.2 -14.62 0.465 170
172 3 81.19 135.41 -13.87 0.465 171
173 3 80.65 134.48 -14.26 0.465 172
174 3 81.21 135.8 -11.01 0.465 173
175 3 81.95 136.93 -11.05 0.465 174
176 3 82.19 138.81 -10.54 0.405 175
177 3 80.9 141.57 -10.0 0.405 176
178 3 79.9 143.35 -10.81 0.405 177
179 3 78.36 144.13 -11.34 0.405 178
180 3 76.74 144.65 -11.66 0.405 179
181 3 74.45 144.84 -13.71 0.405 180
182 3 72.82 145.77 -15.29 0.405 181
183 3 72.21 146.81 -17.49 0.405 182
184 3 71.94 147.98 -18.47 0.405 183
185 3 78.27 134.66 -15.6 0.405 173
186 3 77.24 134.9 -15.53 0.405 185
187 3 76.81 136.48 -13.93 0.345 186
188 3 76.97 137.87 -13.5 0.345 187
189 3 78.51 139.51 -12.28 0.345 188
190 3 80.45 140.9 -11.61 0.345 189
191 3 81.54 141.66 -11.03 0.345 190
192 3 82.26 142.31 -10.72 0.345 191
193 3 82.05 144.26 -9.85 0.345 192
194 3 81.72 146.3 -9.52 0.345 193
195 3 81.18 147.66 -7.86 0.345 194
196 3 80.76 148.47 -7.41 0.345 195
197 3 74.73 136.14 -16.46 0.465 186
198 3 73.46 137.07 -16.36 0.465 197
199 3 72.31 138.45 -17.15 0.465 198
200 3 71.38 140.04 -18.66 0.465 199
201 3 70.95 140.6 -18.72 0.465 200
202 3 72.28 142.05 -18.98 0.405 201
203 3 73.07 144.06 -20.49 0.405 202
204 3 73.31 145.07 -21.73 0.405 203
205 3 73.8 146.86 -23.36 0.405 204
206 3 73.84 148.41 -24.18 0.405 205
207 3 71.82 150.13 -26.58 0.405 206
208 3 70.71 151.42 -27.62 0.405 207
209 3 70.79 152.13 -24.96 0.405 208
210 3 69.92 152.76 -24.66 0.405 209
211 3 69.14 153.61 -24.48 0.405 210
212 3 68.29 156.33 -22.99 0.405 211
213 3 67.5 157.87 -22.25 0.405 212
214 3 66.8 159.25 -24.35 0.405 213
215 3 69.0 141.1 -19.6 0.405 201
216 3 67.89 141.42 -19.58 0.405 215
217 3 67.51 143.4 -18.69 0.405 216
218 3 67.39 145.32 -18.59 0.405 217
219 3 68.16 146.03 -18.58 0.405 218
220 3 69.57 146.86 -17.39 0.405 219
221 3 70.97 147.16 -17.2 0.405 220
222 3 71.81 148.36 -17.15 0.405 221
223 3 72.66 149.72 -17.21 0.405 222
224 3 73.95 151.05 -16.41 0.405 223
225 3 75.16 152.53 -16.41 0.405 224
226 3 76.81 154.78 -16.41 0.405 225
227 3 78.88 157.21 -16.56 0.405 226
228 3 66.61 146.66 -19.01 0.405 218
229 3 65.45 149.37 -20.2 0.405 228
230 3 65.33 150.68 -21.45 0.405 229
231 3 65.65 151.52 -21.8 0.405 230
232 3 65.33 153.83 -21.02 0.405 231
233 3 64.85 156.95 -21.04 0.405 232
234 3 63.14 157.86 -21.1 0.345 233
235 3 60.97 158.12 -22.96 0.345 234
236 3 58.91 157.97 -24.08 0.345 235
237 3 57.25 158.62 -24.15 0.345 236
238 3 56.51 159.61 -25.22 0.345 237
239 3 56.42 161.54 -21.2 0.345 238
240 3 57.2 163.28 -19.49 0.345 239
241 3 58.12 164.82 -19.15 0.345 240
242 3 59.34 166.46 -19.2 0.345 241
243 3 60.46 168.45 -19.24 0.345 242
244 3 58.31 172.48 -19.02 0.345 243
245 3 59.34 174.56 -19.1 0.345 244
246 3 60.21 178.99 -19.23 0.345 245
247 3 65.46 158.69 -20.81 0.405 233
248 3 67.6 158.65 -20.16 0.405 247
249 3 69.41 158.2 -17.74 0.405 248
250 3 71.35 157.35 -17.86 0.405 249
251 3 74.19 157.76 -18.19 0.405 250
252 3 75.14 158.61 -18.26 0.405 251
253 3 75.44 159.56 -18.3 0.405 252
254 3 77.94 161.86 -18.25 0.405 253
255 3 79.06 163.01 -18.58 0.405 254
256 3 79.31 164.93 -20.19 0.405 255
257 3 78.95 166.67 -21.92 0.405 256
258 3 79.18 168.23 -17.47 0.405 257
259 3 79.07 169.74 -17.42 0.405 258
260 3 79.59 171.15 -17.49 0.405 259
261 3 80.67 172.97 -17.63 0.405 260
262 3 11.7 26.73 -2.55 0.465 94
263 3 12.93 29.12 -2.71 0.465 262
264 3 13.86 29.81 -2.82 0.465 263
265 3 14.24 31.74 -3.28 0.405 264
266 3 14.69 33.72 -4.05 0.405 265
267 3 14.67 35.52 -5.02 0.405 266
268 3 14.81 38.72 -5.51 0.405 267
269 3 14.45 41.07 -5.73 0.405 268
270 3 15.44 44.19 -8.33 0.405 269
271 3 15.49 49.46 -8.62 0.405 270
272 3 14.49 54.97 -8.94 0.405 271
273 3 13.22 57.55 -9.42 0.405 272
274 3 13.6 58.89 -6.3 0.405 273
275 3 14.21 60.07 -4.67 0.405 274
276 3 15.12 62.35 -4.58 0.405 275
277 3 15.97 63.9 -3.48 0.345 276
278 3 16.5 65.35 -2.09 0.345 277
279 3 16.8 66.9 -0.68 0.345 278
280 3 16.38 69.45 -0.19 0.345 279
281 3 16.37 70.45 -0.15 0.345 280
282 3 18.78 74.73 -0.4 0.345 281
283 3 20.99 76.4 -0.62 0.345 282
284 3 21.77 79.6 -0.68 0.345 283
285 3 23.03 82.14 -0.84 0.345 284
286 3 23.67 83.79 -0.92 0.345 285
287 3 24.19 86.36 -1.0 0.345 286
288 3 24.59 89.82 -0.97 0.345 287
289 3 25.04 91.91 -1.03 0.345 288
290 3 25.52 92.99 -1.2 0.345 289
291 3 25.74 94.42 -2.49 0.345 290
292 3 25.38 96.05 -2.51 0.345 291
293 3 23.96 96.28 -4.36 0.345 292
294 3 22.79 96.19 -5.08 0.345 293
295 3 22.21 77.51 -1.32 0.405 283
296 3 24.19 79.03 -1.86 0.405 295
297 3 25.8 80.53 -2.11 0.405 296
298 3 27.2 82.96 -3.04 0.405 297
299 3 28.07 84.49 -3.15 0.405 298
300 3 29.87 86.32 -2.16 0.405 299
301 3 30.39 87.67 -1.37 0.405 300
302 3 30.96 89.6 -0.34 0.405 301
303 3 31.1 91.15 -0.27 0.405 302
304 3 31.41 92.1 -0.26 0.405 303
305 3 32.28 92.44 -1.72 0.405 304
306 3 33.84 93.62 -1.86 0.405 305
307 3 35.41 94.83 -0.64 0.405 306
308 3 37.02 94.95 0.17 0.405 307
309 3 38.48 95.42 0.76 0.405 308
310 3 13.33 62.22 -9.11 0.405 275
311 3 12.78 63.98 -7.39 0.405 310
312 3 12.69 65.65 -7.29 0.405 311
313 3 12.55 68.15 -7.24 0.405 312
314 3 11.33 69.99 -7.12 0.405 313
315 3 11.25 72.01 -5.96 0.405 314
316 3 10.78 74.52 -7.43 0.405 315
317 3 10.01 77.24 -5.15 0.405 316
318 3 9.06 80.25 -2.64 0.405 317
319 3 7.61 81.04 -2.43 0.405 318
320 3 7.04 83.38 -0.92 0.405 319
321 3 7.54 85.79 -0.94 0.405 320
322 3 7.84 88.51 -3.16 0.405 321
323 3 8.89 89.98 -4.55 0.405 322
324 3 10.21 92.77 -5.17 0.405 323
325 3 11.52 94.54 -6.19 0.405 324
326 3 9.85 72.03 -6.61 0.405 314
327 3 8.85 73.61 -4.99 0.405 326
328 3 8.0 75.17 -7.07 0.405 327
329 3 7.72 77.25 -4.83 0.405 328
330 3 6.41 79.36 -3.59 0.405 329
331 3 5.48 80.82 -3.34 0.405 330
332 3 4.23 82.75 -2.8 0.405 331
333 3 3.82 84.56 -2.16 0.405 332
334 3 3.22 85.65 -1.45 0.405 333
335 3 1.6 87.3 -1.02 0.405 334
336 3 0.39 88.32 0.31 0.405 335
337 3 -1.77 89.62 -7.24 0.405 336
338 3 15.41 31.11 -5.22 0.405 264
339 3 15.53 31.79 -3.58 0.405 338
340 3 16.95 33.16 -3.75 0.405 339
341 3 17.66 35.03 -4.25 0.405 340
342 3 18.11 36.5 -5.77 0.405 341
343 3 19.79 38.85 -4.92 0.405 342
344 3 22.23 41.36 -2.7 0.405 343
345 3 24.46 43.19 -2.92 0.405 344
346 3 26.62 48.26 -2.7 0.405 345
347 3 28.19 50.69 -2.19 0.405 346
348 3 29.31 53.27 -2.24 0.405 347
349 3 32.09 56.93 -2.13 0.405 348
350 3 34.3 59.53 -1.24 0.405 349
351 3 36.65 61.55 -2.88 0.405 350
352 3 40.68 63.97 -2.66 0.405 351
353 3 42.6 66.23 -0.38 0.405 352
354 3 44.96 69.0 -2.08 0.405 353
355 3 47.14 71.04 -0.13 0.405 354
356 3 48.08 72.25 0.7 0.405 355
357 3 49.66 73.18 0.36 0.405 356
358 3 51.92 76.24 -0.41 0.405 357
359 3 52.67 78.68 -0.51 0.405 358
360 3 57.07 82.6 -1.09 0.405 359
361 3 58.27 86.39 -1.26 0.405 360
362 3 59.66 87.09 1.39 0.405 361
363 3 60.82 88.24 1.35 0.405 362
364 3 62.44 89.58 1.45 0.405 363
365 3 63.66 90.33 1.76 0.405 364
366 3 65.13 91.99 0.17 0.405 365
367 3 66.05 93.83 0.05 0.405 366
368 3 63.45 94.98 1.35 0.405 367
369 3 60.85 95.06 -0.35 0.405 368
370 3 56.91 97.67 -0.97 0.405 369
371 3 53.22 99.98 -2.67 0.405 370
372 3 50.83 102.19 -3.67 0.405 371
373 3 47.91 105.09 -3.75 0.345 372
374 3 46.95 103.81 -0.31 0.345 373
375 3 44.93 105.5 -0.54 0.345 374
376 3 43.41 107.25 1.52 0.345 375
377 3 42.42 108.81 1.78 0.345 376
378 3 40.83 110.94 1.95 0.345 377
379 3 39.91 112.56 2.09 0.345 378
380 3 40.04 114.68 2.07 0.345 379
381 3 40.3 116.16 2.48 0.345 380
382 3 40.44 117.13 2.46 0.345 381
383 3 39.89 119.61 2.55 0.345 382
384 3 41.11 122.41 2.4 0.345 383
385 3 41.75 124.01 4.58 0.345 384
386 3 42.86 126.59 4.53 0.345 385
387 3 44.55 128.16 4.33 0.345 386
388 3 45.71 129.9 4.18 0.345 387
389 3 45.41 131.85 4.21 0.345 388
390 3 45.77 133.83 2.79 0.345 389
391 3 47.0 135.86 1.53 0.345 390
392 3 47.77 137.9 1.38 0.345 391
393 3 47.02 139.66 1.35 0.345 392
394 3 45.7 140.84 1.45 0.345 393
395 3 44.38 141.99 0.13 0.345 394
396 3 44.36 143.53 6.01 0.345 395
397 3 44.98 145.43 6.18 0.345 396
398 3 47.28 147.46 7.77 0.345 397
399 3 47.65 149.05 3.89 0.345 398
400 3 47.71 149.92 2.67 0.345 399
401 3 49.34 151.17 2.27 0.345 400
402 3 50.91 153.09 1.93 0.345 401
403 3 38.43 111.01 4.09 0.345 378
404 3 36.61 110.36 4.25 0.345 403
405 3 34.46 109.91 4.2 0.345 404
406 3 32.85 110.46 4.03 0.345 405
407 3 32.26 111.59 6.15 0.345 406
408 3 31.18 112.66 6.32 0.345 407
409 3 27.9 112.06 6.75 0.345 408
410 3 26.22 111.01 7.96 0.345 409
411 3 24.45 110.1 8.17 0.345 410
412 3 22.43 109.57 8.66 0.345 411
413 3 21.11 108.69 8.97 0.345 412
414 3 20.14 106.51 9.14 0.345 413
415 3 17.78 107.19 9.46 0.345 414
416 3 15.88 106.83 10.79 0.345 415
417 3 11.93 107.88 11.14 0.345 416
418 3 10.81 108.4 16.1 0.345 417
419 3 8.38 109.68 17.17 0.345 418
420 3 46.45 106.36 -4.45 0.52 373
421 3 45.85 107.26 -4.99 0.52 420
422 3 45.96 108.38 -5.36 0.52 421
423 3 45.86 108.89 -5.5 0.52 422
424 3 44.5 110.49 -5.51 0.52 423
425 3 43.36 112.3 -6.09 0.52 424
426 3 42.86 113.42 -6.85 0.52 425
427 3 42.99 114.72 -7.27 0.52 426
428 3 42.07 118.53 -9.11 0.52 427
429 3 40.37 122.32 -9.03 0.52 428
430 3 39.77 127.63 -8.5 0.52 429
431 3 39.89 131.63 -6.72 0.52 430
432 3 40.36 134.58 -4.78 0.52 431
433 3 40.87 136.76 -3.8 0.52 432
434 3 40.88 139.82 -3.82 0.52 433
435 3 40.18 146.63 -3.18 0.52 434
436 3 40.87 150.43 -2.53 0.52 435
437 3 41.13 152.22 -2.57 0.52 436
438 3 38.71 155.47 -2.26 0.52 437
439 3 36.64 158.25 -2.04 0.52 438
440 3 34.95 160.3 -1.86 0.52 439
441 3 34.02 163.34 -12.34 0.52 440
442 3 33.02 166.21 -12.34 0.52 441
443 3 67.5 96.1 -0.37 0.52 367
444 3 69.5 100.51 -0.73 0.52 443
445 3 72.71 102.25 -1.11 0.52 444
446 3 76.45 104.35 -1.55 0.52 445
447 3 79.04 106.36 -2.52 0.52 446
448 3 82.71 109.94 -4.02 0.52 447
449 3 85.17 112.24 -4.22 0.52 448
450 3 88.28 114.37 -3.74 0.52 449
451 3 90.72 115.92 -3.98 0.52 450
452 3 91.59 118.61 -4.09 0.52 451
453 3 94.87 121.52 -4.49 0.52 452
454 3 96.09 123.17 -4.64 0.52 453
455 3 99.44 127.25 -4.3 0.52 454
456 3 100.85 129.32 -6.29 0.52 455
457 3 102.4 131.08 -6.48 0.52 456
458 3 103.93 132.73 -7.57 0.52 457
459 3 104.35 133.34 -7.62 0.52 458
460 3 105.09 135.21 -7.77 0.52 459
461 3 106.61 136.65 -7.95 0.52 460
462 3 109.18 139.17 -8.27 0.52 461
463 3 112.62 142.64 -8.68 0.52 462
464 3 114.51 144.93 -8.92 0.52 463
465 3 115.35 150.32 -10.36 0.52 464
466 3 116.25 152.23 -7.81 0.52 465
467 3 117.34 153.91 -7.64 0.52 466
468 3 119.64 158.21 -7.48 0.52 467
469 3 120.33 161.47 -9.09 0.52 468
470 3 119.13 163.3 -12.44 0.52 469
471 3 117.04 165.12 -14.72 0.465 470
472 3 115.55 166.13 -15.97 0.465 471
473 3 114.57 168.97 -17.18 0.465 472
474 3 115.48 171.63 -18.31 0.465 473
475 3 115.83 175.08 -20.23 0.465 474
476 3 116.0 176.66 -22.23 0.465 475
477 3 116.6 178.63 -23.06 0.465 476
478 3 117.8 180.85 -23.37 0.465 477
479 3 119.32 181.87 -23.65 0.465 478
480 3 121.58 181.87 -24.26 0.465 479
481 3 124.43 181.19 -25.44 0.465 480
482 3 127.01 179.98 -26.03 0.465 481
483 3 129.56 180.5 -27.03 0.465 482
484 3 130.57 182.65 -28.12 0.465 483
485 3 131.13 184.97 -28.3 0.465 484
486 3 129.61 188.13 -29.51 0.465 485
487 3 127.31 190.04 -29.5 0.465 486
488 3 124.5 192.42 -29.35 0.465 487
489 3 123.78 193.6 -29.07 0.465 488
490 3 124.44 197.14 -32.84 0.465 489
491 3 123.65 199.38 -33.87 0.465 490
492 3 121.56 200.43 -33.79 0.465 491
493 3 119.54 200.8 -33.61 0.465 492
494 3 116.97 198.5 -37.93 0.465 493
495 3 115.64 197.26 -38.67 0.465 494
496 3 114.57 196.66 -39.25 0.465 495
497 3 112.94 196.32 -39.21 0.465 496
498 3 111.12 195.89 -40.11 0.465 497
499 3 110.13 197.48 -42.02 0.465 498
500 3 109.23 199.71 -43.94 0.465 499
501 3 109.54 200.3 -44.83 0.465 500
502 3 110.09 201.62 -45.31 0.465 501
503 3 111.56 203.22 -46.04 0.465 502
504 3 112.07 204.63 -46.21 0.465 503
505 3 112.12 205.69 -46.42 0.465 504
506 3 112.06 207.92 -46.68 0.465 505
507 3 112.65 209.25 -46.86 0.465 506
508 3 114.16 210.68 -47.09 0.465 507
509 3 116.42 213.7 -45.61 0.465 508
510 3 117.56 215.21 -44.8 0.465 509
511 3 117.76 216.18 -44.27 0.465 510
512 3 7.13 3.84 -0.62 1.62 1
513 3 8.8 5.83 -0.83 1.445 512
514 3 10.03 8.05 -0.93 1.215 513
515 3 11.92 9.6 -0.81 1.04 514
516 3 14.36 11.93 0.14 1.04 515
517 3 16.23 14.54 -0.53 0.925 516
518 3 17.34 15.44 -1.47 0.925 517
519 3 18.13 16.48 -1.67 0.925 518
520 3 19.93 15.94 0.23 0.81 519
521 3 21.44 14.28 2.38 0.81 520
522 3 23.23 11.74 3.7 0.75 521
523 3 24.33 10.55 5.39 0.75 522
524 3 25.3 8.61 6.1 0.52 523
525 3 26.38 6.58 7.09 0.52 524
526 3 27.85 5.21 7.08 0.52 525
527 3 29.52 2.99 7.01 0.52 526
528 3 31.2 1.92 7.02 0.52 527
529 3 34.31 2.48 7.36 0.52 528
530 3 36.78 3.55 7.93 0.52 529
531 3 39.15 4.65 9.11 0.52 530
532 3 41.44 6.48 9.44 0.52 531
533 3 42.72 7.7 9.58 0.52 532
534 3 45.76 8.51 9.73 0.52 533
535 3 49.29 10.16 9.41 0.52 534
536 3 51.55 11.15 9.05 0.52 535
537 3 53.97 12.57 10.22 0.52 536
538 3 57.5 12.96 13.03 0.52 537
539 3 60.57 12.52 12.78 0.52 538
540 3 63.2 11.89 12.53 0.52 539
541 3 65.53 9.58 12.48 0.52 540
542 3 67.38 6.11 13.34 0.465 541
543 3 68.08 1.71 13.34 0.465 542
544 3 68.28 -2.19 13.39 0.465 543
545 3 67.83 -7.17 13.48 0.465 544
546 3 67.29 -9.97 14.46 0.465 545
547 3 66.76 -13.28 14.6 0.465 546
548 3 66.42 -15.71 14.65 0.465 547
549 3 66.47 -17.7 14.66 0.465 548
550 3 67.6 -19.43 14.59 0.465 549
551 3 70.66 -21.03 14.29 0.465 550
552 3 73.73 -22.18 15.66 0.465 551
553 3 76.97 -22.51 17.4 0.465 552
554 3 78.49 -22.82 17.28 0.465 553
555 3 80.29 -23.49 17.13 0.465 554
556 3 82.96 -22.63 16.86 0.465 555
557 3 85.84 -23.28 17.34 0.465 556
558 3 89.36 -22.8 16.98 0.465 557
559 3 91.7 -21.89 16.71 0.465 558
560 3 93.94 -23.54 16.51 0.465 559
561 3 96.98 -24.46 16.57 0.465 560
562 3 101.29 -25.42 16.18 0.465 561
563 3 104.13 -26.89 15.91 0.465 562
564 3 108.31 -30.11 17.16 0.465 563
565 3 109.81 -32.95 17.91 0.465 564
566 3 111.41 -36.4 17.95 0.465 565
567 3 114.76 -38.76 18.89 0.465 566
568 3 118.18 -40.24 18.65 0.465 567
569 3 119.91 -41.72 18.86 0.465 568
570 3 123.14 -44.24 18.96 0.465 569
571 3 123.7 -46.72 18.91 0.465 570
572 3 126.84 -48.25 18.91 0.465 571
573 3 129.6 -48.81 18.95 0.465 572
574 3 133.51 -49.79 18.71 0.465 573
575 3 137.65 -49.55 18.33 0.465 574
576 3 143.68 -52.4 17.8 0.465 575
577 3 146.97 -54.45 17.84 0.465 576
578 3 148.33 -56.17 15.93 0.465 577
579 3 149.29 -57.31 15.48 0.465 578
580 3 149.67 -58.6 15.29 0.465 579
581 3 152.58 -59.95 14.01 0.465 580
582 3 155.03 -61.55 13.48 0.465 581
583 3 155.57 -62.62 13.68 0.465 582
584 3 158.25 -64.4 13.88 0.405 583
585 3 160.58 -66.69 15.29 0.405 584
586 3 163.42 -67.66 15.87 0.405 585
587 3 165.75 -67.88 16.87 0.405 586
588 3 168.27 -67.38 17.93 0.405 587
589 3 169.26 -65.94 18.21 0.405 588
590 3 170.7 -65.16 18.14 0.405 589
591 3 171.98 -64.16 19.4 0.405 590
592 3 173.23 -62.83 20.0 0.405 591
593 3 175.59 -61.35 19.87 0.405 592
594 3 179.43 -58.6 19.46 0.405 593
595 3 183.7 -55.66 19.0 0.405 594
596 3 186.89 -51.91 18.15 0.405 595
597 3 188.81 -51.03 17.83 0.405 596
598 3 189.96 -49.88 17.69 0.405 597
599 3 193.25 -49.28 17.3 0.405 598
600 3 194.83 -49.67 17.12 0.405 599
601 3 200.49 -50.91 16.48 0.405 600
602 3 156.74 -60.98 13.18 0.405 582
603 3 158.34 -59.89 12.69 0.405 602
604 3 158.69 -59.03 12.49 0.345 603
605 3 159.19 -57.31 15.44 0.345 604
606 3 159.54 -55.87 15.29 0.345 605
607 3 158.12 -54.73 13.03 0.345 606
608 3 156.93 -53.7 10.9 0.345 607
609 3 18.64 19.3 -3.66 0.635 519
610 3 20.34 21.46 -3.87 0.635 609
611 3 22.44 24.79 -4.18 0.635 610
612 3 23.67 26.85 -4.04 0.52 611
613 3 25.5 28.62 -1.89 0.52 612
614 3 24.38 29.36 -1.67 0.465 613
615 3 23.92 30.75 -1.57 0.465 614
616 3 24.25 31.8 -0.76 0.465 615
617 3 22.14 34.2 0.26 0.465 616
618 3 20.61 36.59 1.43 0.465 617
619 3 18.66 39.28 2.14 0.465 618
620 3 16.68 41.9 -0.21 0.465 619
621 3 15.37 43.31 -1.12 0.465 620
622 3 12.85 43.43 -0.68 0.465 621
623 3 27.09 30.55 -1.99 0.465 613
624 3 28.84 33.22 -0.95 0.465 623
625 3 29.0 35.71 0.22 0.465 624
626 3 29.79 38.03 -1.49 0.465 625
627 3 30.55 39.03 0.22 0.465 626
628 3 31.01 40.99 1.76 0.465 627
629 3 32.5 43.2 2.58 0.465 628
630 3 32.8 43.83 2.95 0.465 629
631 3 34.36 44.94 3.57 0.405 630
632 3 36.11 46.56 5.27 0.405 631
633 3 36.83 47.88 6.23 0.405 632
634 3 38.41 49.66 7.7 0.405 633
635 3 39.72 51.22 7.74 0.405 634
636 3 40.87 51.44 6.55 0.405 635
637 3 42.12 51.93 6.75 0.405 636
638 3 44.79 51.08 7.86 0.405 637
639 3 32.24 45.4 -0.21 0.405 630
640 3 33.31 47.81 -0.4 0.405 639
641 3 34.53 49.45 -0.55 0.405 640
642 3 35.29 53.81 -0.67 0.405 641
643 3 36.24 58.36 -1.76 0.405 642
644 3 36.38 62.04 -2.91 0.405 643
645 3 37.69 65.45 -0.81 0.405 644
646 3 37.94 68.04 -1.82 0.405 645
647 3 38.33 70.38 -2.08 0.405 646
648 3 38.04 72.39 -2.76 0.405 647
649 3 38.23 74.43 -2.9 0.405 648
650 3 38.19 76.45 -1.39 0.405 649
651 3 39.06 77.98 -1.5 0.405 650
652 3 39.75 79.95 -1.6 0.405 651
653 3 40.15 82.58 0.09 0.345 652
654 3 39.13 75.54 -2.96 0.345 649
655 3 40.04 77.39 -3.12 0.345 654
656 3 40.41 78.83 -3.18 0.345 655
657 3 41.05 79.89 -3.26 0.345 656
658 3 41.41 80.74 -3.3 0.345 657
659 3 41.94 81.58 -3.37 0.345 658
660 3 42.17 84.52 -3.57 0.345 659
661 3 35.28 65.55 -0.94 0.58 644
662 3 34.06 67.61 -1.77 0.58 661
663 3 32.81 69.72 -3.7 0.58 662
664 3 33.6 72.4 -0.84 0.58 663
665 3 33.48 73.9 -0.84 0.58 664
666 3 33.04 75.46 -0.79 0.58 665
667 3 32.97 77.8 0.04 0.58 666
668 3 32.84 82.53 -0.46 0.58 667
669 3 33.55 84.65 -0.56 0.58 668
670 3 33.75 87.27 -0.6 0.58 669
671 3 34.35 89.26 0.01 0.58 670
672 3 35.82 91.83 1.64 0.58 671
673 3 37.43 93.9 1.44 0.58 672
674 3 36.6 95.56 0.22 0.58 673
675 3 38.67 98.08 1.83 0.58 674
676 3 37.06 101.21 2.04 0.58 675
677 3 35.22 103.87 2.24 0.58 676
678 3 34.65 106.19 2.34 0.58 677
679 3 35.16 108.63 3.77 0.58 678
680 3 36.05 109.74 3.71 0.58 679
681 3 37.87 110.97 3.5 0.58 680
682 3 29.41 42.26 2.04 0.465 628
683 3 28.28 43.88 0.35 0.465 682
684 3 28.35 45.42 3.45 0.465 683
685 3 28.56 47.04 3.26 0.465 684
686 3 26.03 47.26 4.21 0.465 685
687 3 24.33 48.09 4.9 0.465 686
688 3 22.84 49.37 7.74 0.465 687
689 3 21.77 51.04 9.41 0.465 688
690 3 20.32 53.82 9.96 0.465 689
691 3 20.05 56.03 10.68 0.465 690
692 3 21.23 59.86 11.98 0.465 691
693 3 21.19 61.68 12.18 0.465 692
694 3 20.07 63.01 12.35 0.465 693
695 3 19.28 66.18 12.47 0.465 694
696 3 19.08 68.2 12.53 0.465 695
697 3 18.02 70.26 13.09 0.465 696
698 3 17.44 71.84 13.35 0.465 697
699 3 16.18 75.6 14.43 0.465 698
700 3 13.72 78.71 15.9 0.465 699
701 3 12.52 80.38 16.48 0.465 700
702 3 11.18 82.4 16.72 0.465 701
703 3 10.42 83.42 16.85 0.465 702
704 3 9.87 84.16 16.96 0.465 703
705 3 9.87 85.31 17.0 0.465 704
706 3 10.56 86.7 16.92 0.465 705
707 3 29.19 49.43 6.55 0.29 685
708 3 28.68 50.59 7.15 0.29 707
709 3 28.07 52.01 7.32 0.29 708
710 3 27.17 53.21 7.41 0.29 709
711 3 27.06 54.72 7.47 0.29 710
712 3 27.04 56.28 7.51 0.29 711
713 3 26.44 58.86 7.86 0.29 712
714 3 29.69 34.08 -3.47 0.29 624
715 3 29.7 35.4 -3.53 0.29 714
716 3 31.54 37.3 -3.0 0.29 715
717 3 31.99 38.9 -2.5 0.29 716
718 3 32.96 40.6 -1.92 0.29 717
719 3 33.81 41.97 -2.03 0.29 718
720 3 36.42 47.7 -2.32 0.29 719
721 3 37.66 50.09 -2.47 0.29 720
722 3 39.68 52.61 -2.52 0.29 721
723 3 40.54 53.92 -1.67 0.29 722
724 3 41.57 56.25 -1.4 0.29 723
725 3 42.85 57.45 -2.62 0.29 724
726 3 44.28 59.46 -3.5 0.29 725
727 3 44.93 60.26 -3.98 0.29 726
728 3 46.66 63.33 -4.2 0.29 727
729 3 31.26 34.84 -0.13 0.23 714
730 3 32.8 35.89 1.04 0.23 729
731 3 33.37 36.63 0.81 0.23 730
732 3 35.41 35.04 1.7 0.23 731
733 3 37.46 34.35 -1.34 0.23 732
734 3 38.75 33.48 -2.09 0.23 733
735 3 40.12 32.36 -2.55 0.23 734
736 3 41.84 31.79 -2.79 0.23 735
737 3 34.67 37.92 0.3 0.23 731
738 3 36.41 39.85 1.55 0.23 737
739 3 38.87 42.14 1.3 0.23 738
740 3 39.1 43.19 1.27 0.23 739
741 3 40.28 44.18 5.25 0.23 740
742 3 41.93 44.79 5.81 0.23 741
743 3 43.42 45.84 6.64 0.23 742
744 3 44.62 47.41 7.2 0.23 743
745 3 45.33 48.67 8.87 0.23 744
746 3 45.93 49.29 10.51 0.23 745
747 3 46.75 50.17 10.71 0.23 746
748 3 48.39 51.78 11.42 0.23 747
749 3 23.92 24.36 -4.75 0.405 611
750 3 26.19 26.52 -5.03 0.405 749
751 3 28.76 28.91 -3.73 0.405 750
752 3 31.03 31.42 -3.05 0.405 751
753 3 33.96 34.47 -3.01 0.405 752
754 3 36.26 38.04 -2.59 0.405 753
755 3 38.16 40.34 -2.67 0.405 754
756 3 39.46 42.47 -2.73 0.405 755
757 3 41.13 45.61 -2.95 0.405 756
758 3 42.19 47.86 -3.03 0.405 757
759 3 43.29 50.43 -3.18 0.405 758
760 3 45.12 54.72 -3.41 0.405 759
761 3 47.1 57.01 -2.75 0.405 760
762 3 48.22 59.87 -4.51 0.405 761
763 3 49.55 61.62 -3.06 0.405 762
764 3 51.37 63.55 -1.27 0.405 763
765 3 53.3 65.53 -0.6 0.405 764
766 3 54.06 66.49 -0.29 0.405 765
767 3 55.49 69.02 -0.37 0.405 766
768 3 56.41 70.3 -0.49 0.405 767
769 3 58.05 71.22 -0.38 0.405 768
770 3 58.67 72.55 -0.21 0.405 769
771 3 59.59 74.07 0.07 0.405 770
772 3 60.55 74.93 0.15 0.405 771
773 3 61.64 78.34 0.31 0.405 772
774 3 63.58 79.8 0.23 0.405 773
775 3 66.21 85.54 0.04 0.405 774
776 3 68.55 88.75 -0.19 0.405 775
777 3 70.77 90.77 0.64 0.405 776
778 3 71.09 92.14 0.99 0.405 777
779 3 72.62 93.84 1.41 0.405 778
780 3 74.49 96.54 1.28 0.405 779
781 3 76.82 99.86 1.49 0.405 780
782 3 78.13 102.35 2.63 0.405 781
783 3 79.39 105.31 2.67 0.405 782
784 3 79.96 106.31 2.7 0.405 783
785 3 80.9 108.03 4.49 0.405 784
786 3 81.02 109.26 4.72 0.405 785
787 3 80.85 110.28 4.79 0.405 786
788 3 80.82 111.95 5.43 0.405 787
789 3 80.76 114.56 6.78 0.405 788
790 3 80.36 116.36 7.57 0.405 789
791 3 3.95 -8.7 -0.18 0.925 1
792 3 8.76 -6.47 0.55 0.81 791
793 3 12.1 -5.04 1.01 0.81 792
794 3 14.4 -4.45 0.8 0.635 793
795 3 17.54 -2.68 0.52 0.635 794
796 3 19.59 -0.89 1.03 0.635 795
797 3 22.26 0.15 1.97 0.635 796
798 3 22.71 2.33 2.41 0.52 797
799 3 23.9 3.36 0.66 0.52 798
800 3 25.67 5.43 0.44 0.405 799
801 3 27.18 7.05 1.41 0.405 800
802 3 27.87 8.63 2.63 0.405 801
803 3 29.22 11.09 2.61 0.405 802
804 3 30.85 12.17 2.42 0.405 803
805 3 31.97 14.42 2.88 0.405 804
806 3 33.27 15.91 3.62 0.405 805
807 3 35.14 18.29 3.9 0.405 806
808 3 35.73 20.04 4.02 0.405 807
809 3 36.37 21.25 3.64 0.405 808
810 3 37.33 22.28 3.52 0.405 809
811 3 38.56 23.5 3.37 0.405 810
812 3 38.86 25.03 3.32 0.405 811
813 3 41.29 26.71 1.42 0.405 812
814 3 42.86 28.95 4.3 0.405 813
815 3 44.33 30.45 6.59 0.405 814
816 3 45.52 31.35 6.49 0.405 815
817 3 48.16 33.49 7.94 0.405 816
818 3 50.07 34.65 9.37 0.405 817
819 3 52.63 36.21 10.17 0.405 818
820 3 53.28 37.7 10.39 0.405 819
821 3 54.15 39.23 10.28 0.345 820
822 3 55.01 40.53 11.03 0.345 821
823 3 55.79 41.98 10.98 0.345 822
824 3 56.78 43.17 10.86 0.345 823
825 3 57.86 46.16 10.76 0.345 824
826 3 58.0 47.71 10.74 0.345 825
827 3 57.58 49.42 10.78 0.345 826
828 3 58.24 51.74 11.44 0.345 827
829 3 59.01 54.36 11.33 0.345 828
830 3 59.29 55.72 11.34 0.345 829
831 3 59.31 57.62 11.33 0.345 830
832 3 60.78 59.89 11.15 0.345 831
833 3 63.08 61.04 10.92 0.345 832
834 3 65.92 62.04 10.59 0.345 833
835 3 68.81 61.46 10.26 0.345 834
836 3 71.24 60.69 9.98 0.345 835
837 3 53.94 36.61 10.22 0.405 819
838 3 56.15 38.37 10.56 0.405 837
839 3 57.34 39.56 12.17 0.405 838
840 3 57.33 40.98 12.57 0.405 839
841 3 59.74 42.88 13.08 0.405 840
842 3 62.69 44.3 13.84 0.405 841
843 3 65.6 46.19 13.6 0.405 842
844 3 67.22 48.28 13.55 0.405 843
845 3 68.99 50.91 13.38 0.405 844
846 3 71.55 54.38 14.07 0.405 845
847 3 73.99 57.66 13.81 0.405 846
848 3 76.26 59.24 13.44 0.405 847
849 3 77.23 61.76 10.8 0.405 848
850 3 78.83 63.27 10.6 0.405 849
851 3 80.03 65.17 10.7 0.405 850
852 3 81.55 66.41 13.04 0.405 851
853 3 83.49 69.03 12.85 0.405 852
854 3 83.82 70.71 12.85 0.405 853
855 3 84.55 72.43 12.75 0.405 854
856 3 85.97 73.79 12.63 0.405 855
857 3 87.04 75.17 14.36 0.405 856
858 3 89.11 77.02 14.16 0.405 857
859 3 89.59 78.69 10.47 0.405 858
860 3 92.4 81.0 9.63 0.405 859
861 3 93.7 83.29 9.42 0.405 860
862 3 95.14 85.39 9.24 0.405 861
863 3 96.65 86.83 9.05 0.405 862
864 3 97.78 87.83 8.92 0.405 863
865 3 100.33 89.03 8.61 0.405 864
866 3 101.71 90.07 8.4 0.405 865
867 3 104.48 92.32 8.07 0.405 866
868 3 106.52 94.91 7.81 0.405 867
869 3 109.67 99.33 7.37 0.405 868
870 3 112.29 102.18 7.05 0.405 869
871 3 115.32 105.27 9.35 0.405 870
872 3 118.36 108.24 9.69 0.405 871
873 3 121.59 110.83 9.3 0.405 872
874 3 125.3 112.61 8.91 0.405 873
875 3 128.22 112.35 8.57 0.405 874
876 3 132.81 110.84 10.52 0.405 875
877 3 135.11 109.67 10.31 0.405 876
878 3 137.02 109.24 10.09 0.405 877
879 3 25.06 0.48 -0.4 0.405 797
880 3 26.49 1.44 -4.3 0.405 879
881 3 28.09 2.07 -6.35 0.405 880
882 3 29.91 3.3 -6.62 0.405 881
883 3 31.44 3.86 -8.46 0.405 882
884 3 33.03 3.63 -8.79 0.405 883
885 3 35.48 3.61 -9.13 0.405 884
886 3 38.04 4.77 -7.21 0.405 885
887 3 40.36 5.36 -7.28 0.405 886
888 3 43.17 5.54 -6.95 0.405 887
889 3 45.94 6.24 -6.12 0.405 888
890 3 48.8 5.34 -6.19 0.405 889
891 3 50.52 3.89 -4.57 0.405 890
892 3 52.77 2.83 -4.72 0.405 891
893 3 54.96 2.01 -4.92 0.405 892
894 3 57.72 1.78 -5.24 0.405 893
895 3 58.73 -0.5 -5.19 0.345 894
896 3 59.81 -0.99 -5.31 0.345 895
897 3 63.58 -1.52 -5.14 0.345 896
898 3 67.15 -3.61 -5.48 0.345 897
899 3 72.69 -9.28 -6.04 0.345 898
900 3 74.38 -13.08 -6.21 0.345 899
901 3 76.45 -15.86 -6.43 0.345 900
902 3 75.89 -19.91 -6.34 0.345 901
903 3 73.45 -23.2 -6.04 0.345 902
904 3 73.42 -25.84 -6.02 0.345 903
905 3 73.92 -28.06 -6.06 0.345 904
906 3 74.17 -29.98 -5.17 0.345 905
907 3 74.17 -32.01 -7.02 0.345 906
908 3 73.89 -36.03 -9.43 0.345 907
909 3 73.93 -40.11 -10.51 0.345 908
910 3 73.27 -44.43 -11.62 0.345 909
911 3 71.86 -48.14 -12.74 0.345 910
912 3 70.38 -53.88 -12.78 0.345 911
913 3 70.32 -58.71 -14.51 0.345 912
914 3 69.22 -62.37 -15.31 0.345 913
915 3 68.41 -63.97 -17.48 0.345 914
916 3 67.53 -67.33 -18.11 0.345 915
917 3 66.22 -71.56 -18.43 0.345 916
918 3 67.31 -73.05 -18.7 0.345 917
919 3 66.72 -74.95 -18.67 0.345 918
920 3 68.38 -78.78 -16.83 0.345 919
921 3 69.4 -81.65 -16.67 0.345 920
922 3 68.96 -86.92 -14.68 0.345 921
923 3 69.83 -91.34 -14.7 0.345 922
924 3 71.75 -96.99 -14.88 0.345 923
925 3 72.59 -101.55 -17.17 0.345 924
926 3 73.09 -103.61 -17.46 0.345 925
927 3 73.85 -106.88 -18.44 0.345 926
928 3 76.29 -109.8 -18.9 0.345 927
929 3 80.19 -111.94 -19.28 0.345 928
930 3 82.23 -114.59 -17.74 0.345 929
931 3 84.36 -117.82 -15.45 0.345 930
932 3 87.46 -120.31 -15.04 0.345 931
933 3 90.87 -121.44 -14.42 0.345 932
934 3 92.68 -122.82 -14.52 0.345 933
935 3 93.74 -124.05 -14.63 0.345 934
936 3 95.16 -125.49 -14.23 0.345 935
937 3 96.82 -128.1 -13.25 0.345 936
938 3 97.84 -130.23 -13.2 0.345 937
939 3 96.69 -134.34 -12.39 0.345 938
940 3 95.67 -138.32 -12.04 0.345 939
941 3 95.21 -140.41 -11.93 0.345 940
942 3 95.82 -143.21 -14.75 0.345 941
943 3 96.72 -145.6 -16.3 0.345 942
944 3 97.82 -148.24 -16.51 0.345 943
945 3 93.44 -121.04 -15.12 0.465 933
946 3 96.01 -121.1 -15.92 0.465 945
947 3 98.2 -122.33 -16.31 0.465 946
948 3 99.01 -123.86 -16.8 0.465 947
949 3 101.12 -124.35 -14.47 0.465 948
950 3 103.79 -125.98 -14.62 0.465 949
951 3 105.4 -126.2 -14.75 0.465 950
952 3 107.62 -126.27 -14.91 0.465 951
953 3 109.88 -126.6 -15.12 0.465 952
954 3 109.94 -128.02 -15.06 0.465 953
955 3 113.8 -129.15 -15.45 0.465 954
956 3 116.35 -129.91 -14.83 0.465 955
957 3 117.99 -132.88 -14.95 0.465 956
958 3 119.36 -134.31 -15.1 0.465 957
959 3 121.2 -135.4 -15.11 0.465 958
960 3 125.02 -136.77 -14.88 0.465 959
961 3 126.98 -137.3 -15.21 0.465 960
962 3 129.76 -138.25 -17.38 0.405 961
963 3 131.17 -138.83 -20.31 0.405 962
964 3 134.41 -140.08 -21.78 0.405 963
965 3 135.98 -140.57 -22.67 0.405 964
966 3 137.97 -141.52 -22.99 0.405 965
967 3 140.34 -142.19 -23.31 0.405 966
968 3 142.5 -143.42 -24.0 0.405 967
969 3 146.54 -144.42 -24.56 0.405 968
970 3 147.11 -145.57 -24.62 0.405 969
971 3 148.4 -146.92 -24.81 0.405 970
972 3 150.03 -146.99 -25.0 0.405 971
973 3 151.74 -149.13 -25.24 0.405 972
974 3 153.02 -150.06 -25.38 0.405 973
975 3 155.13 -150.39 -26.83 0.405 974
976 3 157.03 -150.1 -27.3 0.405 975
977 3 158.93 -150.05 -28.17 0.405 976
978 3 59.0 3.23 -4.54 0.405 894
979 3 60.35 4.2 -4.14 0.405 978
980 3 62.74 4.94 -3.77 0.405 979
981 3 66.08 5.75 -2.45 0.405 980
982 3 66.14 6.77 -4.02 0.405 981
983 3 65.37 7.8 -3.99 0.405 982
984 3 46.08 7.28 -5.34 0.405 889
985 3 48.33 9.27 -5.61 0.405 984
986 3 49.1 11.31 -5.76 0.405 985
987 3 52.85 14.37 -3.75 0.405 986
988 3 54.46 15.88 -3.89 0.405 987
989 3 55.41 16.73 -3.96 0.405 988
990 3 56.14 17.87 -4.05 0.405 989
991 3 55.64 19.09 -4.1 0.405 990
992 3 57.54 20.55 -4.63 0.405 991
993 3 60.24 21.7 -2.78 0.405 992
994 3 62.76 22.0 -2.98 0.405 993
995 3 64.9 22.02 -3.17 0.405 994
996 3 66.47 23.2 -3.36 0.405 995
997 3 67.55 24.45 -3.49 0.405 996
998 3 70.16 25.55 -3.8 0.405 997
999 3 72.25 25.26 -4.04 0.405 998
1000 3 73.81 27.59 -4.24 0.405 999
1001 3 75.93 28.03 -4.48 0.405 1000
1002 3 76.74 28.5 -4.58 0.405 1001
1003 3 78.28 29.52 -4.71 0.405 1002
1004 3 79.33 30.02 -4.84 0.405 1003
1005 3 82.61 29.3 -5.16 0.345 1004
1006 3 83.94 28.87 -5.26 0.345 1005
1007 3 88.3 31.48 -4.67 0.345 1006
1008 3 92.21 31.5 -4.72 0.345 1007
1009 3 97.6 31.16 -4.38 0.345 1008
1010 3 102.36 30.52 -6.34 0.345 1009
1011 3 104.07 30.36 -6.53 0.345 1010
1012 3 105.01 31.22 -6.65 0.345 1011
1013 3 106.36 30.94 -6.8 0.345 1012
1014 3 107.19 30.41 -6.89 0.345 1013
1015 3 108.45 31.21 -7.04 0.345 1014
1016 3 110.6 31.75 -6.44 0.345 1015
1017 3 111.54 33.31 -4.49 0.345 1016
1018 3 111.92 34.2 -3.03 0.345 1017
1019 3 113.28 35.79 -1.14 0.345 1018
1020 3 113.87 36.63 -0.66 0.345 1019
1021 3 114.15 38.0 -0.6 0.345 1020
1022 3 113.74 39.71 -0.51 0.345 1021
1023 3 113.07 40.79 -0.44 0.345 1022
1024 3 103.11 29.18 -6.11 0.345 1010
1025 3 104.96 26.91 -0.17 0.345 1024
1026 3 104.96 25.65 2.8 0.345 1025
1027 3 105.52 24.27 3.55 0.345 1026
1028 3 108.51 23.34 3.26 0.345 1027
1029 3 113.35 23.21 2.75 0.345 1028
1030 3 115.18 22.55 -0.77 0.345 1029
1031 3 116.04 23.07 -1.17 0.345 1030
1032 3 116.69 25.01 -2.92 0.345 1031
1033 3 118.9 24.1 -3.62 0.345 1032
1034 3 120.3 22.99 -3.88 0.345 1033
1035 3 121.24 22.69 -4.03 0.345 1034
1036 3 122.7 23.71 -4.81 0.345 1035
1037 3 57.63 23.1 -4.81 0.405 992
1038 3 59.25 24.7 -0.68 0.405 1037
1039 3 59.89 26.18 -0.56 0.405 1038
1040 3 61.56 27.59 -0.71 0.405 1039
1041 3 64.14 29.54 -0.97 0.405 1040
1042 3 65.49 30.67 -0.83 0.405 1041
1043 3 67.67 33.75 -0.85 0.405 1042
1044 3 70.06 36.13 -1.09 0.405 1043
1045 3 72.13 39.14 -1.35 0.405 1044
1046 3 74.05 41.19 -1.58 0.405 1045
1047 3 77.04 45.17 -0.09 0.405 1046
1048 3 77.97 47.8 1.19 0.405 1047
1049 3 78.74 48.93 1.34 0.405 1048
1050 3 81.61 52.02 2.2 0.405 1049
1051 3 84.99 54.78 2.85 0.405 1050
1052 3 86.74 56.35 3.09 0.405 1051
1053 3 91.02 59.3 2.63 0.405 1052
1054 3 96.66 62.05 2.72 0.405 1053
1055 3 99.15 63.93 2.52 0.405 1054
1056 3 101.25 67.1 2.46 0.405 1055
1057 3 104.6 71.56 1.34 0.405 1056
1058 3 107.44 75.26 -0.21 0.405 1057
1059 3 112.17 77.87 -1.43 0.405 1058
1060 3 115.13 79.26 -1.93 0.405 1059
1061 3 116.39 80.07 -2.13 0.405 1060
1062 3 117.61 81.61 -2.83 0.405 1061
1063 3 118.28 83.0 -3.07 0.405 1062
1064 3 120.77 83.88 -3.46 0.405 1063
1065 3 124.34 87.71 -5.36 0.405 1064
1066 3 126.07 89.67 -6.58 0.405 1065
1067 3 127.47 92.0 -8.11 0.405 1066
1068 3 129.76 94.06 -8.89 0.405 1067
1069 3 130.24 96.11 -10.07 0.405 1068
1070 3 131.77 98.06 -12.98 0.405 1069
1071 3 133.7 99.9 -14.37 0.405 1070
1072 3 136.27 102.42 -14.78 0.405 1071
1073 3 137.8 104.02 -15.02 0.405 1072
1074 3 138.79 104.95 -15.44 0.405 1073
1075 3 139.56 106.73 -15.99 0.405 1074
1076 3 141.33 107.24 -17.0 0.405 1075
1077 3 143.9 108.18 -17.56 0.405 1076
1078 3 146.59 109.04 -17.62 0.405 1077
1079 3 1.24 -9.8 0.13 1.85 1
1080 3 1.74 -13.5 4.07 1.215 1079
1081 3 2.09 -15.19 4.9 1.215 1080
1082 3 4.41 -16.89 6.15 0.81 1081
1083 3 6.57 -18.58 7.58 0.81 1082
1084 3 9.21 -20.1 7.73 0.635 1083
1085 3 11.8 -19.38 8.44 0.635 1084
1086 3 14.35 -18.09 5.07 0.635 1085
1087 3 16.15 -18.53 3.95 0.635 1086
1088 3 18.6 -19.17 2.07 0.635 1087
1089 3 20.27 -18.37 0.51 0.635 1088
1090 3 21.71 -17.7 -1.56 0.635 1089
1091 3 23.84 -15.72 -2.88 0.635 1090
1092 3 27.76 -15.06 -3.64 0.635 1091
1093 3 31.06 -14.81 -4.93 0.635 1092
1094 3 37.61 -15.35 -5.88 0.635 1093
1095 3 38.48 -16.72 -6.07 0.52 1094
1096 3 40.58 -19.34 -6.3 0.52 1095
1097 3 41.71 -20.65 -6.42 0.52 1096
1098 3 44.51 -21.14 -6.74 0.52 1097
1099 3 47.68 -23.67 -7.19 0.52 1098
1100 3 50.0 -26.76 -8.49 0.52 1099
1101 3 50.56 -28.82 -8.34 0.52 1100
1102 3 50.29 -29.92 -7.85 0.52 1101
1103 3 51.99 -33.21 -7.12 0.52 1102
1104 3 53.36 -35.71 -6.56 0.52 1103
1105 3 54.91 -37.49 -6.07 0.52 1104
1106 3 56.68 -37.71 -4.81 0.52 1105
1107 3 57.3 -39.03 -8.0 0.52 1106
1108 3 59.87 -40.39 -8.69 0.52 1107
1109 3 62.44 -41.21 -10.59 0.52 1108
1110 3 66.5 -44.95 -11.19 0.52 1109
1111 3 69.75 -48.24 -12.24 0.52 1110
1112 3 72.66 -50.24 -12.62 0.52 1111
1113 3 75.56 -52.97 -12.99 0.52 1112
1114 3 76.21 -56.54 -13.04 0.52 1113
1115 3 76.19 -59.59 -13.02 0.52 1114
1116 3 76.8 -61.62 -10.96 0.52 1115
1117 3 78.64 -64.03 -10.85 0.52 1116
1118 3 79.19 -67.25 -10.75 0.52 1117
1119 3 79.4 -71.02 -12.26 0.52 1118
1120 3 80.4 -74.73 -12.65 0.52 1119
1121 3 80.21 -77.03 -12.92 0.52 1120
1122 3 79.73 -77.96 -13.11 0.52 1121
1123 3 80.12 -80.42 -13.14 0.52 1122
1124 3 83.66 -82.66 -13.68 0.52 1123
1125 3 87.15 -84.08 -14.07 0.52 1124
1126 3 92.68 -85.47 -12.03 0.52 1125
1127 3 95.48 -87.42 -12.04 0.52 1126
1128 3 99.26 -88.62 -12.42 0.52 1127
1129 3 101.79 -87.59 -12.67 0.52 1128
1130 3 103.89 -88.47 -12.91 0.52 1129
1131 3 106.28 -90.72 -13.17 0.52 1130
1132 3 107.82 -91.44 -13.34 0.52 1131
1133 3 110.71 -91.91 -12.92 0.465 1132
1134 3 111.6 -93.02 -12.51 0.465 1133
1135 3 114.04 -94.85 -12.22 0.465 1134
1136 3 116.83 -96.72 -11.63 0.465 1135
1137 3 120.24 -97.12 -11.21 0.465 1136
1138 3 123.99 -97.96 -10.83 0.465 1137
1139 3 127.71 -100.24 -11.1 0.465 1138
1140 3 129.0 -102.64 -10.58 0.465 1139
1141 3 132.13 -103.66 -10.38 0.465 1140
1142 3 134.82 -105.19 -9.72 0.465 1141
1143 3 136.53 -108.04 -8.59 0.465 1142
1144 3 139.76 -112.05 -8.13 0.465 1143
1145 3 142.35 -114.8 -7.51 0.465 1144
1146 3 143.96 -116.94 -7.58 0.465 1145
1147 3 146.04 -118.14 -7.51 0.465 1146
1148 3 149.44 -119.09 -5.53 0.465 1147
1149 3 151.25 -118.76 -5.39 0.465 1148
1150 3 152.44 -117.6 -5.23 0.465 1149
1151 3 154.9 -117.59 -4.06 0.465 1150
1152 3 158.47 -118.75 -3.4 0.465 1151
1153 3 161.27 -119.97 -3.62 0.465 1152
1154 3 164.4 -120.51 -3.92 0.465 1153
1155 3 166.59 -120.74 -4.18 0.465 1154
1156 3 170.87 -123.01 -4.6 0.465 1155
1157 3 174.18 -123.99 -4.98 0.465 1156
1158 3 180.74 -121.5 -3.94 0.465 1157
1159 3 184.57 -118.74 -4.35 0.465 1158
1160 3 188.83 -117.71 -4.75 0.465 1159
1161 3 192.92 -117.38 -5.02 0.465 1160
1162 3 196.49 -117.22 -4.58 0.465 1161
1163 3 199.95 -118.03 -3.91 0.465 1162
1164 3 201.45 -119.65 -4.02 0.465 1163
1165 3 204.74 -121.53 -4.34 0.465 1164
1166 3 206.56 -119.72 -4.46 0.465 1165
1167 3 209.78 -120.76 -4.83 0.465 1166
1168 3 213.37 -123.43 -5.07 0.465 1167
1169 3 216.62 -125.01 -3.63 0.465 1168
1170 3 220.54 -125.8 -2.56 0.465 1169
1171 3 222.61 -126.91 -2.09 0.465 1170
1172 3 225.42 -127.55 -2.16 0.465 1171
1173 3 227.12 -127.78 -1.65 0.465 1172
1174 3 229.69 -126.32 -1.3 0.465 1173
1175 3 230.85 -124.46 -1.29 0.465 1174
1176 3 230.85 -122.72 -1.3 0.465 1175
1177 3 230.25 -121.15 -1.2 0.465 1176
1178 3 229.65 -119.58 -1.14 0.465 1177
1179 3 229.33 -117.21 -1.11 0.465 1178
1180 3 205.83 -122.46 -4.26 0.465 1165
1181 3 208.28 -123.81 -4.53 0.465 1180
1182 3 210.18 -124.83 -4.75 0.465 1181
1183 3 211.32 -126.15 -4.87 0.465 1182
1184 3 214.85 -127.3 -4.51 0.465 1183
1185 3 217.23 -128.88 -4.38 0.465 1184
1186 3 220.3 -129.64 -4.12 0.465 1185
1187 3 222.11 -129.9 -4.03 0.465 1186
1188 3 224.77 -131.32 -3.01 0.465 1187
1189 3 226.98 -131.97 -3.22 0.465 1188
1190 3 229.04 -133.31 -1.73 0.465 1189
1191 3 231.06 -136.64 -1.04 0.465 1190
1192 3 231.26 -139.29 -0.34 0.465 1191
1193 3 231.52 -142.3 -0.15 0.465 1192
1194 3 234.65 -145.87 1.06 0.465 1193
1195 3 237.42 -145.52 0.84 0.465 1194
1196 3 239.25 -146.61 0.74 0.465 1195
1197 3 241.37 -149.19 2.12 0.465 1196
1198 3 243.18 -151.5 2.63 0.465 1197
1199 3 98.6 -89.8 -18.48 0.465 1128
1200 3 99.87 -90.73 -18.67 0.465 1199
1201 3 100.87 -91.12 -18.78 0.465 1200
1202 3 102.01 -92.44 -18.9 0.465 1201
1203 3 102.08 -94.28 -18.9 0.465 1202
1204 3 104.99 -95.78 -16.36 0.405 1203
1205 3 107.08 -97.25 -16.54 0.405 1204
1206 3 108.88 -99.08 -16.74 0.405 1205
1207 3 110.98 -101.12 -16.91 0.405 1206
1208 3 112.64 -102.76 -17.1 0.405 1207
1209 3 115.02 -105.75 -17.35 0.405 1208
1210 3 116.75 -106.91 -17.54 0.405 1209
1211 3 118.43 -107.81 -17.73 0.405 1210
1212 3 120.59 -108.78 -17.97 0.405 1211
1213 3 122.1 -109.66 -18.14 0.405 1212
1214 3 123.74 -110.89 -18.32 0.405 1213
1215 3 125.67 -112.33 -18.54 0.405 1214
1216 3 125.24 -114.83 -18.47 0.405 1215
1217 3 126.04 -118.0 -18.49 0.405 1216
1218 3 126.94 -119.79 -18.54 0.405 1217
1219 3 129.25 -120.95 -18.74 0.405 1218
1220 3 40.46 -13.56 -4.05 0.52 1094
1221 3 41.87 -13.51 -4.17 0.52 1220
1222 3 43.78 -11.54 -3.7 0.52 1221
1223 3 47.63 -10.9 -2.78 0.52 1222
1224 3 50.71 -10.93 -2.79 0.52 1223
1225 3 52.75 -11.14 -2.82 0.52 1224
1226 3 54.22 -9.77 -2.69 0.52 1225
1227 3 56.0 -8.16 -0.7 0.52 1226
1228 3 58.8 -9.1 0.89 0.52 1227
1229 3 60.42 -9.91 0.76 0.52 1228
1230 3 62.35 -10.76 0.54 0.52 1229
1231 3 64.11 -11.6 0.34 0.52 1230
1232 3 66.19 -12.06 0.11 0.52 1231
1233 3 69.94 -15.69 -1.1 0.52 1232
1234 3 71.63 -17.17 -1.23 0.52 1233
1235 3 73.57 -19.19 -1.39 0.52 1234
1236 3 74.38 -19.88 -1.48 0.52 1235
1237 3 78.0 -20.0 -2.4 0.52 1236
1238 3 81.89 -20.34 -3.65 0.465 1237
1239 3 82.79 -21.08 -5.72 0.465 1238
1240 3 82.99 -22.3 -6.79 0.465 1239
1241 3 86.3 -22.7 -7.27 0.465 1240
1242 3 89.68 -22.44 -7.76 0.465 1241
1243 3 92.42 -22.84 -8.12 0.465 1242
1244 3 96.73 -25.36 -5.13 0.465 1243
1245 3 98.99 -28.01 -5.33 0.465 1244
1246 3 98.77 -33.1 -5.27 0.465 1245
1247 3 97.4 -35.31 -5.05 0.465 1246
1248 3 96.9 -39.73 -3.15 0.465 1247
1249 3 97.45 -42.69 -2.74 0.465 1248
1250 3 98.38 -45.61 -1.57 0.465 1249
1251 3 98.62 -48.79 -1.43 0.465 1250
1252 3 98.34 -50.31 -1.23 0.465 1251
1253 3 100.11 -55.36 -1.25 0.465 1252
1254 3 103.51 -57.01 -1.59 0.465 1253
1255 3 107.38 -60.92 0.05 0.465 1254
1256 3 107.03 -63.22 2.06 0.465 1255
1257 3 107.45 -67.73 2.55 0.465 1256
1258 3 108.97 -73.63 0.04 0.465 1257
1259 3 109.69 -75.54 -0.07 0.465 1258
1260 3 111.19 -78.91 -0.27 0.465 1259
1261 3 114.46 -82.52 -0.62 0.465 1260
1262 3 118.03 -83.64 -2.13 0.465 1261
1263 3 121.42 -84.65 0.29 0.465 1262
1264 3 123.67 -85.68 1.65 0.465 1263
1265 3 125.91 -88.45 2.87 0.465 1264
1266 3 127.3 -89.15 2.76 0.465 1265
1267 3 128.73 -89.52 2.65 0.465 1266
1268 3 130.54 -90.76 2.55 0.465 1267
1269 3 132.3 -92.89 2.41 0.465 1268
1270 3 133.28 -95.35 2.36 0.465 1269
1271 3 137.01 -98.42 3.16 0.465 1270
1272 3 141.28 -100.66 3.99 0.465 1271
1273 3 144.78 -102.66 3.65 0.465 1272
1274 3 147.15 -102.75 3.43 0.465 1273
1275 3 148.57 -102.13 3.31 0.465 1274
1276 3 150.67 -100.66 4.57 0.465 1275
1277 3 153.05 -99.66 5.29 0.465 1276
1278 3 156.19 -99.51 5.64 0.465 1277
1279 3 158.51 -99.74 6.58 0.465 1278
1280 3 161.77 -101.33 7.92 0.465 1279
1281 3 165.57 -105.47 9.93 0.465 1280
1282 3 168.47 -107.53 10.21 0.465 1281
1283 3 171.2 -108.46 11.31 0.465 1282
1284 3 175.47 -110.07 11.28 0.465 1283
1285 3 176.4 -111.1 11.18 0.465 1284
1286 3 178.33 -113.12 10.97 0.465 1285
1287 3 180.2 -114.46 10.81 0.465 1286
1288 3 182.83 -116.25 10.62 0.465 1287
1289 3 184.33 -117.29 10.46 0.465 1288
1290 3 185.52 -118.9 12.7 0.465 1289
1291 3 188.27 -119.42 14.14 0.465 1290
1292 3 191.49 -121.48 14.89 0.465 1291
1293 3 194.47 -125.52 15.48 0.465 1292
1294 3 196.4 -129.5 16.09 0.465 1293
1295 3 195.91 -132.33 16.06 0.465 1294
1296 3 197.01 -134.42 14.49 0.465 1295
1297 3 199.96 -136.61 13.26 0.465 1296
1298 3 203.72 -137.08 19.72 0.465 1297
1299 3 206.95 -137.28 19.85 0.465 1298
1300 3 208.42 -138.49 19.74 0.465 1299
1301 3 210.96 -139.18 19.5 0.465 1300
1302 3 218.33 -142.9 18.68 0.465 1301
1303 3 223.4 -145.44 18.16 0.465 1302
1304 3 100.21 -27.15 -12.12 0.465 1245
1305 3 103.58 -26.96 -11.9 0.465 1304
1306 3 107.62 -26.57 -9.8 0.465 1305
1307 3 110.11 -26.05 -7.58 0.465 1306
1308 3 113.38 -24.23 -5.3 0.465 1307
1309 3 114.86 -23.27 -5.17 0.465 1308
1310 3 117.44 -22.55 -4.67 0.465 1309
1311 3 119.2 -21.56 -4.32 0.465 1310
1312 3 121.57 -20.46 -3.14 0.465 1311
1313 3 124.15 -19.26 -3.15 0.465 1312
1314 3 126.64 -18.7 -3.19 0.465 1313
1315 3 129.36 -16.81 -1.4 0.465 1314
1316 3 132.12 -13.8 -0.68 0.465 1315
1317 3 -0.15 -18.65 4.63 0.695 1081
1318 3 -0.95 -23.35 3.54 0.695 1317
1319 3 -0.59 -26.16 2.11 0.695 1318
1320 3 -0.94 -29.63 0.51 0.695 1319
1321 3 -1.52 -31.94 0.49 0.695 1320
1322 3 -0.52 -33.5 0.28 0.52 1321
1323 3 -0.12 -36.53 0.26 0.52 1322
1324 3 -0.11 -39.42 0.28 0.52 1323
1325 3 0.94 -42.97 0.18 0.52 1324
1326 3 3.13 -46.09 -0.05 0.465 1325
1327 3 5.73 -46.86 1.01 0.465 1326
1328 3 7.84 -49.31 0.78 0.465 1327
1329 3 10.52 -53.47 1.7 0.465 1328
1330 3 10.56 -56.62 -2.04 0.465 1329
1331 3 11.5 -59.82 -2.18 0.465 1330
1332 3 15.28 -62.18 -2.6 0.465 1331
1333 3 18.86 -62.38 -3.07 0.465 1332
1334 3 23.01 -63.4 -4.09 0.465 1333
1335 3 26.79 -60.94 -3.18 0.465 1334
1336 3 28.19 -58.93 -4.31 0.465 1335
1337 3 30.18 -56.72 -4.16 0.465 1336
1338 3 32.99 -55.41 -1.67 0.465 1337
1339 3 35.73 -55.81 -1.93 0.465 1338
1340 3 36.97 -55.74 -2.08 0.465 1339
1341 3 39.43 -54.09 -1.56 0.465 1340
1342 3 41.64 -53.17 -1.57 0.465 1341
1343 3 44.32 -51.89 -1.54 0.465 1342
1344 3 45.81 -51.36 -1.51 0.465 1343
1345 3 49.01 -49.0 -1.24 0.465 1344
1346 3 51.24 -46.97 -0.25 0.465 1345
1347 3 53.59 -45.23 -0.13 0.465 1346
1348 3 55.51 -43.78 -0.31 0.465 1347
1349 3 58.66 -43.38 0.52 0.465 1348
1350 3 62.56 -43.92 0.98 0.465 1349
1351 3 64.17 -44.64 1.3 0.465 1350
1352 3 67.44 -43.01 2.42 0.465 1351
1353 3 70.21 -44.98 2.22 0.405 1352
1354 3 72.91 -45.5 3.12 0.405 1353
1355 3 74.86 -47.1 -0.31 0.405 1354
1356 3 76.82 -47.8 -0.58 0.405 1355
1357 3 78.91 -49.25 -0.81 0.405 1356
1358 3 81.03 -51.13 -1.04 0.405 1357
1359 3 69.99 -42.22 1.82 0.405 1352
1360 3 73.52 -39.91 2.21 0.405 1359
1361 3 75.76 -38.62 3.45 0.405 1360
1362 3 77.81 -38.73 4.12 0.405 1361
1363 3 81.13 -38.77 4.9 0.405 1362
1364 3 83.58 -39.77 5.63 0.405 1363
1365 3 86.29 -40.07 5.72 0.405 1364
1366 3 89.29 -40.41 5.48 0.405 1365
1367 3 93.43 -43.21 6.63 0.405 1366
1368 3 96.33 -45.33 7.66 0.405 1367
1369 3 100.27 -46.75 9.69 0.405 1368
1370 3 103.78 -49.84 12.27 0.405 1369
1371 3 106.06 -51.81 12.72 0.405 1370
1372 3 108.17 -52.27 12.89 0.405 1371
1373 3 114.19 -53.35 13.66 0.405 1372
1374 3 121.14 -54.16 14.37 0.405 1373
1375 3 121.81 -56.15 14.76 0.405 1374
1376 3 123.15 -56.75 14.81 0.405 1375
1377 3 125.14 -59.47 13.04 0.405 1376
1378 3 127.02 -61.07 12.63 0.405 1377
1379 3 127.53 -61.56 12.52 0.405 1378
1380 3 130.42 -63.14 12.2 0.405 1379
1381 3 133.91 -64.56 12.36 0.405 1380
1382 3 137.36 -66.68 13.19 0.405 1381
1383 3 140.42 -67.45 13.24 0.405 1382
1384 3 144.94 -67.13 15.18 0.405 1383
1385 3 148.27 -66.76 16.26 0.405 1384
1386 3 150.4 -66.38 16.97 0.405 1385
1387 3 154.18 -66.72 18.39 0.405 1386
1388 3 158.82 -66.43 20.07 0.405 1387
1389 3 23.6 -66.81 -5.35 0.405 1334
1390 3 26.0 -70.12 -5.05 0.405 1389
1391 3 27.31 -72.39 -2.32 0.405 1390
1392 3 28.36 -74.59 -1.32 0.405 1391
1393 3 29.07 -76.15 -0.48 0.405 1392
1394 3 31.71 -78.0 0.27 0.405 1393
1395 3 33.33 -80.55 0.15 0.405 1394
1396 3 35.49 -83.43 -0.02 0.405 1395
1397 3 40.4 -85.37 -0.52 0.405 1396
1398 3 41.58 -87.53 -0.59 0.405 1397
1399 3 41.1 -90.35 -0.52 0.405 1398
1400 3 41.45 -95.18 -0.18 0.405 1399
1401 3 41.62 -98.11 -0.13 0.405 1400
1402 3 41.98 -100.89 -0.1 0.405 1401
1403 3 43.0 -104.17 -0.2 0.405 1402
1404 3 45.03 -107.27 -0.41 0.405 1403
1405 3 46.78 -109.43 -0.55 0.405 1404
1406 3 49.07 -111.91 -0.8 0.405 1405
1407 3 50.1 -113.3 -0.91 0.405 1406
1408 3 54.78 -116.87 -1.43 0.405 1407
1409 3 58.12 -118.51 -1.8 0.405 1408
1410 3 61.75 -117.22 -2.23 0.405 1409
1411 3 65.41 -116.34 -2.65 0.405 1410
1412 3 68.9 -116.59 -3.05 0.405 1411
1413 3 71.97 -120.51 -3.38 0.405 1412
1414 3 73.4 -125.51 -3.52 0.405 1413
1415 3 72.76 -130.73 -4.12 0.405 1414
1416 3 72.61 -133.47 -5.59 0.405 1415
1417 3 73.5 -136.57 -5.67 0.405 1416
1418 3 77.15 -139.59 -2.75 0.405 1417
1419 3 79.55 -141.12 -0.91 0.405 1418
1420 3 80.9 -143.15 -1.15 0.405 1419
1421 3 82.91 -144.26 -4.75 0.405 1420
1422 3 85.46 -146.53 -5.13 0.405 1421
1423 3 89.7 -148.0 -6.97 0.405 1422
1424 3 93.51 -148.01 -9.17 0.405 1423
1425 3 94.66 -149.56 -11.76 0.405 1424
1426 3 94.93 -151.34 -12.23 0.405 1425
1427 3 94.98 -152.27 -12.83 0.405 1426
1428 3 96.9 -153.48 -14.25 0.405 1427
1429 3 100.63 -153.7 -14.88 0.405 1428
1430 3 103.99 -153.84 -14.31 0.405 1429
1431 3 106.79 -155.12 -13.62 0.405 1430
1432 3 108.33 -158.55 -12.57 0.405 1431
1433 3 107.09 -161.77 -16.53 0.405 1432
1434 3 105.92 -165.4 -16.48 0.405 1433
1435 3 104.73 -166.89 -16.33 0.405 1434
1436 3 102.88 -170.21 -17.4 0.405 1435
1437 3 100.78 -172.48 -17.75 0.405 1436
1438 3 99.42 -175.93 -18.08 0.405 1437
1439 3 99.7 -179.45 -18.44 0.405 1438
1440 3 100.38 -183.28 -18.64 0.405 1439
1441 3 59.55 -120.58 2.32 0.405 1409
1442 3 61.11 -123.6 2.26 0.405 1441
1443 3 62.06 -129.13 2.18 0.405 1442
1444 3 60.56 -135.03 2.19 0.405 1443
1445 3 57.49 -139.44 -0.19 0.405 1444
1446 3 56.02 -140.49 -0.81 0.405 1445
1447 3 52.22 -144.34 -0.91 0.405 1446
1448 3 52.46 -148.08 -0.66 0.405 1447
1449 3 53.2 -150.13 1.07 0.405 1448
1450 3 52.38 -152.65 -2.23 0.405 1449
1451 3 49.52 -155.88 -3.69 0.405 1450
1452 3 47.49 -157.53 -5.51 0.405 1451
1453 3 47.0 -161.51 -5.58 0.405 1452
1454 3 47.67 -163.22 -3.38 0.405 1453
1455 3 47.44 -164.9 -2.64 0.405 1454
1456 3 51.17 -166.62 -0.59 0.405 1455
1457 3 52.99 -167.71 -0.75 0.405 1456
1458 3 55.91 -168.93 0.02 0.405 1457
1459 3 58.36 -170.28 -0.09 0.405 1458
1460 3 60.92 -170.81 -0.33 0.405 1459
1461 3 64.49 -171.75 -0.69 0.405 1460
1462 3 45.14 -162.06 -5.16 0.405 1453
1463 3 43.37 -162.39 -4.95 0.405 1462
1464 3 40.99 -162.29 -4.73 0.405 1463
1465 3 35.81 -159.4 -4.25 0.405 1464
1466 3 33.68 -158.68 -4.06 0.405 1465
1467 3 31.89 -158.59 -3.86 0.405 1466
1468 3 30.72 -158.16 -3.72 0.405 1467
1469 3 28.19 -156.09 -4.3 0.405 1468
1470 3 25.53 -154.63 -4.0 0.405 1469
1471 3 22.45 -154.77 -3.9 0.405 1470
1472 3 20.57 -155.02 -3.73 0.405 1471
1473 3 17.83 -153.89 -3.72 0.405 1472
1474 3 15.42 -154.38 -3.75 0.405 1473
1475 3 11.39 -153.99 -4.54 0.405 1474
1476 3 7.82 -153.19 -6.2 0.405 1475
1477 3 5.17 -152.72 -5.95 0.405 1476
1478 3 1.87 -152.4 -8.24 0.405 1477
1479 3 0.16 -151.17 -8.75 0.405 1478
1480 3 -2.43 -149.32 -5.34 0.405 1479
1481 3 -3.52 -147.93 -5.68 0.405 1480
1482 3 -4.91 -145.86 -6.69 0.405 1481
1483 3 -2.35 -32.88 -1.31 0.58 1321
1484 3 -3.27 -37.63 -1.22 0.58 1483
1485 3 -4.57 -41.67 -1.05 0.58 1484
1486 3 -5.09 -44.81 -0.97 0.58 1485
1487 3 -5.32 -45.59 -0.94 0.58 1486
1488 3 -5.1 -48.21 -13.18 0.58 1487
1489 3 -4.82 -52.03 -15.45 0.58 1488
1490 3 -6.55 -57.81 -15.36 0.58 1489
1491 3 -6.53 -61.64 -16.25 0.58 1490
1492 3 -8.03 -66.22 -16.4 0.52 1491
1493 3 -9.21 -69.51 -18.96 0.52 1492
1494 3 -10.85 -73.91 -19.1 0.52 1493
1495 3 -12.23 -78.17 -22.18 0.52 1494
1496 3 -13.84 -81.13 -20.47 0.52 1495
1497 3 -14.87 -83.21 -20.33 0.52 1496
1498 3 -14.33 -87.08 -19.57 0.52 1497
1499 3 -14.04 -90.31 -21.69 0.465 1498
1500 3 -15.99 -93.63 -23.71 0.465 1499
1501 3 -17.0 -97.81 -24.43 0.465 1500
1502 3 -18.26 -102.35 -24.75 0.465 1501
1503 3 -19.24 -105.68 -24.72 0.465 1502
1504 3 -19.75 -107.51 -24.75 0.465 1503
1505 3 -19.93 -108.81 -24.72 0.465 1504
1506 3 -21.3 -113.55 -24.63 0.465 1505
1507 3 -22.11 -116.85 -25.38 0.465 1506
1508 3 -23.6 -121.43 -25.43 0.465 1507
1509 3 -23.75 -125.08 -26.59 0.465 1508
1510 3 -24.11 -128.66 -26.73 0.465 1509
1511 3 -24.66 -131.34 -27.51 0.465 1510
1512 3 -24.86 -134.62 -28.02 0.465 1511
1513 3 -24.36 -136.27 -28.16 0.465 1512
1514 3 -24.5 -137.66 -28.34 0.405 1513
1515 3 -25.76 -143.2 -28.91 0.405 1514
1516 3 -26.87 -148.91 -28.85 0.405 1515
1517 3 -26.33 -153.97 -29.54 0.405 1516
1518 3 -26.64 -157.07 -29.73 0.405 1517
1519 3 -27.72 -161.8 -29.63 0.405 1518
1520 3 -29.26 -166.29 -29.52 0.405 1519
1521 3 -31.81 -170.58 -30.51 0.405 1520
1522 3 -32.99 -171.9 -30.52 0.405 1521
1523 3 -34.09 -173.15 -30.53 0.405 1522
1524 3 -37.33 -175.66 -30.8 0.405 1523
1525 3 -40.28 -176.59 -32.21 0.405 1524
1526 3 -42.92 -178.48 -33.26 0.405 1525
1527 3 -46.27 -180.37 -35.53 0.405 1526
1528 3 -47.93 -182.78 -35.32 0.405 1527
1529 3 -48.91 -187.43 -35.23 0.405 1528
1530 3 -48.95 -190.08 -35.25 0.405 1529
1531 3 -49.28 -194.34 -35.64 0.405 1530
1532 3 -50.56 -200.6 -35.91 0.405 1531
1533 3 -52.07 -201.97 -36.48 0.405 1532
1534 3 -53.09 -206.31 -37.09 0.405 1533
1535 3 -56.21 -212.05 -36.14 0.405 1534
1536 3 -60.59 -215.11 -34.91 0.405 1535
1537 3 -62.47 -215.57 -34.09 0.405 1536
1538 3 -64.61 -215.01 -30.22 0.405 1537
1539 3 -71.09 -214.89 -27.51 0.405 1538
1540 3 -5.94 -48.05 0.7 0.52 1487
1541 3 -6.94 -50.13 1.08 0.52 1540
1542 3 -6.2 -52.47 1.06 0.465 1541
1543 3 -8.12 -55.37 3.16 0.465 1542
1544 3 -8.51 -58.29 3.38 0.465 1543
1545 3 -8.05 -60.57 3.74 0.465 1544
1546 3 -6.73 -63.66 3.76 0.465 1545
1547 3 -7.82 -66.19 1.74 0.465 1546
1548 3 -7.21 -70.02 1.24 0.465 1547
1549 3 -7.74 -72.62 -0.13 0.465 1548
1550 3 -6.56 -74.71 -1.01 0.465 1549
1551 3 -5.5 -76.03 -1.73 0.465 1550
1552 3 -4.33 -76.13 -2.27 0.465 1551
1553 3 -3.36 -78.78 -3.67 0.465 1552
1554 3 -2.15 -84.08 -3.93 0.465 1553
1555 3 -1.73 -92.74 -3.92 0.465 1554
1556 3 -2.18 -97.4 -4.34 0.465 1555
1557 3 -2.51 -100.41 -0.56 0.465 1556
1558 3 -1.07 -102.52 -0.66 0.465 1557
1559 3 1.4 -104.7 -0.94 0.465 1558
1560 3 2.29 -107.8 -1.02 0.465 1559
1561 3 3.7 -112.99 -2.51 0.465 1560
1562 3 4.54 -115.98 -4.6 0.465 1561
1563 3 5.93 -119.4 -4.89 0.465 1562
1564 3 6.96 -121.37 -5.04 0.465 1563
1565 3 7.27 -123.57 -5.42 0.465 1564
1566 3 7.59 -127.22 -7.5 0.465 1565
1567 3 7.36 -133.4 -8.08 0.465 1566
1568 3 6.12 -136.04 -8.33 0.465 1567
1569 3 5.63 -139.7 -8.75 0.465 1568
1570 3 5.03 -142.34 -8.56 0.465 1569
1571 3 5.43 -144.77 -7.18 0.465 1570
1572 3 8.2 -147.28 -5.98 0.465 1571
1573 3 11.29 -147.05 -5.43 0.465 1572
1574 3 14.51 -148.25 -5.59 0.465 1573
1575 3 17.19 -147.79 -4.6 0.465 1574
1576 3 20.23 -148.29 -4.34 0.465 1575
1577 3 22.41 -150.0 -7.85 0.465 1576
1578 3 22.62 -150.69 -8.07 0.465 1577
1579 3 24.62 -155.16 -9.78 0.465 1578
1580 3 26.24 -160.89 -11.7 0.465 1579
1581 3 25.11 -165.07 -13.55 0.465 1580
1582 3 24.12 -168.33 -14.47 0.465 1581
1583 3 24.96 -171.54 -15.46 0.465 1582
1584 3 27.05 -175.15 -15.98 0.465 1583
1585 3 27.51 -178.28 -16.11 0.465 1584
1586 3 27.08 -180.88 -16.65 0.465 1585
1587 3 -3.6 -103.48 -0.82 0.465 1557
1588 3 -5.83 -108.98 -1.84 0.465 1587
1589 3 -8.74 -113.38 -2.83 0.465 1588
1590 3 -11.37 -118.16 -3.91 0.465 1589
1591 3 -13.53 -122.43 -5.09 0.465 1590
1592 3 -16.19 -125.79 -5.97 0.465 1591
1593 3 -17.41 -128.43 -6.11 0.465 1592
1594 3 -18.84 -130.96 -5.98 0.465 1593
1595 3 -20.68 -132.92 -5.81 0.465 1594
1596 3 -25.79 -133.77 -2.95 0.465 1595
1597 3 -27.53 -134.52 -2.69 0.465 1596
1598 3 -31.07 -137.48 -2.27 0.465 1597
1599 3 -33.32 -138.89 -2.1 0.465 1598
1600 3 -34.64 -139.86 -2.24 0.465 1599
1601 3 -36.71 -140.75 -3.31 0.465 1600
1602 3 -38.08 -142.72 -3.99 0.465 1601
1603 3 -39.24 -143.88 -4.0 0.465 1602
1604 3 -40.46 -143.62 -4.01 0.465 1603
1605 3 -41.83 -146.25 -4.09 0.465 1604
1606 3 -44.37 -151.21 -5.23 0.465 1605
1607 3 -47.46 -156.01 -6.75 0.465 1606
1608 3 -48.84 -160.97 -8.22 0.465 1607
1609 3 -48.38 -167.68 -8.89 0.465 1608
1610 3 -47.39 -172.38 -9.63 0.465 1609
1611 3 -46.46 -174.01 -9.72 0.465 1610
1612 3 -45.51 -176.87 -10.22 0.465 1611
1613 3 -43.39 -179.17 -10.7 0.465 1612
1614 3 -41.18 -179.66 -11.1 0.465 1613
1615 3 -40.38 -180.35 -11.24 0.465 1614
1616 3 -38.72 -183.16 -11.41 0.465 1615
1617 3 -37.27 -188.61 -13.11 0.465 1616
1618 3 -38.24 -190.98 -14.24 0.465 1617
1619 3 -40.46 -193.07 -14.32 0.465 1618
1620 3 -40.63 -196.71 -9.7 0.465 1619
1621 3 -40.21 -199.61 -7.41 0.465 1620
1622 3 -40.69 -203.15 -5.87 0.465 1621
1623 3 -41.3 -206.36 -5.73 0.465 1622
1624 3 -41.6 -209.05 -5.68 0.465 1623
1625 3 -42.74 -211.85 -8.6 0.465 1624
1626 3 -42.76 -215.25 -9.59 0.465 1625
1627 3 -42.88 -218.57 -10.86 0.465 1626
1628 3 -42.71 -221.33 -11.06 0.465 1627
1629 3 -8.23 -51.63 3.0 0.465 1541
1630 3 -9.37 -54.52 3.2 0.465 1629
1631 3 -11.32 -57.72 3.24 0.465 1630
1632 3 -12.13 -59.6 2.9 0.465 1631
1633 3 -13.89 -60.59 2.55 0.465 1632
1634 3 -13.96 -66.9 4.71 0.465 1633
1635 3 -15.65 -71.37 4.94 0.465 1634
1636 3 -16.44 -74.86 6.81 0.465 1635
1637 3 -17.98 -78.61 -0.63 0.465 1636
1638 3 -19.04 -83.45 -1.88 0.465 1637
1639 3 -20.75 -87.43 -2.42 0.465 1638
1640 3 -22.06 -92.55 -3.09 0.465 1639
1641 3 -23.3 -96.67 -3.12 0.465 1640
1642 3 -24.44 -100.15 -2.92 0.465 1641
1643 3 -25.31 -103.41 -2.79 0.465 1642
1644 3 -24.98 -105.2 -2.77 0.465 1643
1645 3 -25.43 -107.28 -2.71 0.465 1644
1646 3 -27.74 -112.65 -2.36 0.465 1645
1647 3 -3.77 -35.2 2.18 0.465 1483
1648 3 -5.42 -38.19 2.44 0.465 1647
1649 3 -7.26 -41.02 0.81 0.465 1648
1650 3 -8.63 -43.52 -0.77 0.465 1649
1651 3 -12.16 -45.45 -2.41 0.465 1650
1652 3 -15.26 -46.61 -4.01 0.465 1651
1653 3 -16.6 -48.94 -1.93 0.465 1652
1654 3 -18.82 -51.13 -6.24 0.465 1653
1655 3 -20.13 -52.35 -6.74 0.465 1654
1656 3 -21.08 -52.05 -6.68 0.465 1655
1657 3 -22.34 -54.11 -7.07 0.465 1656
1658 3 -25.55 -56.07 -7.3 0.465 1657
1659 3 -29.21 -57.38 -8.53 0.465 1658
1660 3 -30.45 -58.78 -4.6 0.465 1659
1661 3 -31.86 -62.33 -2.25 0.465 1660
1662 3 -31.9 -66.29 -2.07 0.465 1661
1663 3 -32.76 -70.13 -1.9 0.465 1662
1664 3 -33.24 -73.7 -1.67 0.465 1663
1665 3 -33.07 -78.9 -0.24 0.465 1664
1666 3 -33.84 -82.73 -2.9 0.465 1665
1667 3 -34.82 -86.24 -2.76 0.465 1666
1668 3 -36.22 -89.17 -2.63 0.465 1667
1669 3 -37.34 -94.22 -2.47 0.465 1668
1670 3 -40.24 -97.76 -5.24 0.465 1669
1671 3 -42.96 -99.19 -5.47 0.465 1670
1672 3 -44.81 -100.68 -5.95 0.465 1671
1673 3 -45.63 -102.56 -6.4 0.465 1672
1674 3 -48.56 -104.46 -6.35 0.465 1673
1675 3 -49.85 -105.85 -2.82 0.465 1674
1676 3 -52.48 -110.01 -2.44 0.465 1675
1677 3 -52.84 -113.77 -2.37 0.465 1676
1678 3 -53.88 -117.74 -2.18 0.465 1677
1679 3 -54.64 -121.98 -5.03 0.465 1678
1680 3 -55.06 -125.61 -7.08 0.465 1679
1681 3 -57.68 -127.84 -9.07 0.465 1680
1682 3 -60.11 -130.23 -9.08 0.465 1681
1683 3 -61.89 -132.1 -11.48 0.465 1682
1684 3 -64.46 -134.56 -11.98 0.465 1683
1685 3 -65.14 -136.36 -11.99 0.465 1684
1686 3 -64.91 -137.64 -12.0 0.465 1685
1687 3 -61.82 -139.65 -12.4 0.465 1686
1688 3 -34.08 -63.97 -2.24 0.465 1661
1689 3 -36.63 -65.76 -1.93 0.465 1688
1690 3 -38.95 -68.24 -1.7 0.465 1689
1691 3 -40.21 -71.36 -1.53 0.465 1690
1692 3 -41.1 -73.04 -1.42 0.465 1691
1693 3 -44.73 -75.5 -0.98 0.465 1692
1694 3 -47.96 -75.74 -2.73 0.465 1693
1695 3 -50.94 -77.8 -2.92 0.465 1694
1696 3 -52.28 -78.52 -2.86 0.465 1695
1697 3 -56.42 -79.2 -0.37 0.465 1696
1698 3 -57.15 -80.23 0.37 0.465 1697
1699 3 -57.28 -82.98 2.61 0.465 1698
1700 3 -5.53 -1.11 0.86 0.75 1
1701 3 -6.96 -2.48 0.98 0.58 1700
1702 3 -7.95 -4.14 1.66 0.58 1701
1703 3 -8.46 -4.98 1.77 0.58 1702
1704 2 3.76 -7.11 -0.17 0.695 1
1705 2 5.91 -4.44 -0.73 0.635 1704
1706 2 7.63 -1.91 -1.9 0.635 1705
1707 2 9.36 0.34 -1.21 0.635 1706
1708 2 10.69 2.05 -1.12 0.58 1707
1709 2 12.75 5.74 -0.83 0.405 1708
1710 2 13.77 7.34 -0.56 0.405 1709
1711 2 14.78 8.67 -0.63 0.405 1710
1712 2 15.54 9.97 -0.68 0.405 1711
1713 2 16.5 12.15 -0.8 0.405 1712
1714 2 70.73 104.16 -7.64 0.52 1713
1715 2 73.73 108.03 -8.01 0.52 1714
1716 2 76.52 112.81 -9.22 0.52 1715
1717 2 78.64 115.57 -9.48 0.52 1716
1718 2 82.97 121.79 -10.57 0.52 1717
1719 2 88.5 126.09 -9.07 0.52 1718
1720 2 92.13 129.69 -9.46 0.52 1719
1721 2 94.86 133.6 -9.35 0.52 1720
1722 2 97.49 135.87 -9.57 0.52 1721
1723 2 100.91 139.93 -10.19 0.52 1722
1724 2 104.74 144.83 -14.08 0.52 1723
1725 2 109.0 149.09 -14.85 0.52 1724
1726 2 112.03 152.6 -15.98 0.52 1725
1727 2 115.87 156.58 -17.25 0.52 1726
1728 2 117.9 158.81 -19.01 0.52 1727
1729 2 122.02 162.52 -19.56 0.52 1728
1730 2 125.02 165.68 -22.04 0.52 1729
1731 2 127.54 168.77 -22.75 0.52 1730
1732 2 129.65 171.43 -23.57 0.52 1731
1733 2 134.95 175.02 -23.9 0.52 1732
1734 2 138.02 178.25 -22.86 0.52 1733
1735 2 141.87 182.26 -22.58 0.52 1734
1736 2 146.21 188.03 -21.65 0.52 1735
1737 2 150.2 192.88 -19.78 0.52 1736
1738 2 154.21 197.8 -18.46 0.52 1737
1739 2 157.35 201.99 -17.99 0.52 1738
1740 2 161.55 207.18 -18.36 0.52 1739
1741 2 165.73 213.04 -18.17 0.52 1740
1742 2 169.43 217.75 -20.75 0.52 1741
1743 2 170.74 219.85 -22.07 0.52 1742
1744 2 174.42 224.46 -21.92 0.52 1743
1745 2 178.36 230.59 -22.01 0.52 1744
1746 2 184.23 239.18 -22.08 0.52 1745
1747 2 190.8 247.33 -22.84 0.52 1746
1748 2 194.2 251.84 -22.01 0.52 1747
1749 2 196.94 255.17 -21.79 0.52 1748
1750 2 197.9 257.76 -21.72 0.52 1749
1751 2 199.81 259.64 -21.9 0.52 1750
1752 2 206.23 262.02 -22.6 0.52 1751
1753 2 205.83 263.32 -22.51 0.52 1752
1754 2 212.28 270.65 -23.3 0.52 1753
1755 2 220.77 279.68 -24.34 0.52 1754
1756 2 221.79 281.87 -24.17 0.52 1755
1757 2 225.61 286.72 -23.68 0.52 1756
1758 2 229.67 292.25 -24.14 0.52 1757
1759 2 231.85 295.01 -23.85 0.52 1758
1760 2 234.45 298.85 -24.03 0.52 1759
1761 2 237.74 302.92 -24.43 0.52 1760
1762 2 239.08 306.32 -34.32 0.52 1761
1763 2 240.0 306.17 -34.83 0.405 1762
1764 2 240.44 304.08 -37.13 0.405 1763
1765 2 241.21 302.06 -37.31 0.405 1764
1766 2 242.13 301.6 -37.41 0.405 1765
1767 2 243.82 297.8 -37.63 0.345 1766
1768 2 244.51 295.7 -37.7 0.345 1767
1769 2 246.67 294.15 -37.94 0.345 1768
1770 2 248.87 291.83 -39.03 0.345 1769
1771 2 249.49 289.68 -39.09 0.345 1770
1772 2 251.79 287.36 -39.34 0.345 1771
1773 2 252.5 286.02 -39.41 0.345 1772
1774 2 254.43 284.0 -39.62 0.345 1773
1775 2 255.02 282.17 -40.23 0.345 1774
1776 2 255.89 280.39 -40.62 0.345 1775
1777 2 257.28 279.27 -40.83 0.345 1776
1778 2 261.6 279.29 -38.76 0.345 1777
1779 2 263.91 280.44 -38.93 0.345 1778
1780 2 265.91 280.07 -39.16 0.345 1779
1781 2 267.06 280.74 -38.64 0.345 1780
1782 2 268.32 281.75 -41.21 0.345 1781
1783 2 269.69 281.63 -41.47 0.345 1782
1784 2 271.78 282.49 -41.77 0.345 1783
1785 2 273.41 282.99 -41.96 0.345 1784
1786 2 274.79 282.87 -42.16 0.345 1785
1787 2 277.66 280.56 -42.48 0.345 1786
1788 2 279.94 279.81 -42.74 0.345 1787
1789 2 282.11 280.16 -43.14 0.345 1788
1790 2 258.75 276.65 -37.86 0.345 1777
1791 2 259.43 274.95 -35.56 0.345 1790
1792 2 261.27 273.32 -34.2 0.345 1791
1793 2 261.55 271.46 -33.77 0.345 1792
1794 2 262.15 269.03 -32.11 0.345 1793
1795 2 264.43 265.61 -29.74 0.345 1794
1796 2 265.93 263.09 -29.49 0.345 1795
1797 2 268.67 260.21 -29.59 0.345 1796
1798 2 271.48 257.83 -29.7 0.345 1797
1799 2 273.83 255.87 -28.59 0.345 1798
1800 2 275.55 252.23 -28.67 0.345 1799
1801 2 242.4 308.55 -24.05 0.925 1762
1802 2 244.89 310.95 -23.49 0.925 1801
1803 2 246.81 313.24 -27.0 0.925 1802
1804 2 249.71 316.45 -27.46 0.925 1803
1805 2 253.17 320.67 -27.88 0.925 1804
1806 2 256.69 325.78 -28.32 0.925 1805
1807 2 259.55 330.41 -28.73 0.925 1806
1808 2 260.55 333.05 -26.85 0.925 1807
1809 2 260.84 335.56 -26.75 0.925 1808
1810 2 261.71 337.1 -26.86 0.925 1809
1811 2 266.01 339.81 -26.06 0.925 1810
1812 2 268.77 342.57 -25.79 0.925 1811
1813 2 272.65 347.58 -24.96 0.925 1812
1814 2 275.84 351.41 -25.16 0.925 1813
1815 2 280.19 355.77 -24.58 0.925 1814
1816 2 283.75 360.38 -25.37 0.925 1815
1817 2 286.87 363.48 -25.9 0.925 1816
1818 2 287.13 362.75 -30.81 0.695 1817
1819 2 288.48 361.9 -30.96 0.695 1818
1820 2 290.19 360.0 -31.14 0.58 1819
1821 2 291.23 357.45 -31.3 0.58 1820
1822 2 292.97 355.87 -31.49 0.58 1821
1823 2 294.68 354.55 -31.68 0.58 1822
1824 2 294.7 352.98 -31.67 0.58 1823
1825 2 296.34 351.33 -32.05 0.58 1824
1826 2 297.52 347.79 -31.21 0.58 1825
1827 2 299.39 346.29 -27.49 0.58 1826
1828 2 301.39 344.43 -27.35 0.58 1827
1829 2 302.47 343.37 -27.42 0.58 1828
1830 2 304.67 341.98 -27.61 0.58 1829
1831 2 306.56 340.22 -27.77 0.58 1830
1832 2 308.19 340.15 -27.96 0.58 1831
1833 2 309.8 341.1 -26.79 0.58 1832
1834 2 310.66 343.05 -26.75 0.58 1833
1835 2 310.06 343.89 -26.49 0.465 1834
1836 2 308.84 343.98 -26.35 0.465 1835
1837 2 308.36 345.98 -25.05 0.465 1836
1838 2 308.28 347.45 -26.1 0.465 1837
1839 2 308.56 349.36 -27.51 0.465 1838
1840 2 308.83 351.47 -27.75 0.465 1839
1841 2 309.05 353.67 -27.84 0.465 1840
1842 2 311.7 343.97 -26.83 0.465 1834
1843 2 312.79 345.74 -26.01 0.465 1842
1844 2 314.94 347.18 -25.76 0.465 1843
1845 2 316.93 348.38 -25.85 0.465 1844
1846 2 318.26 348.94 -25.85 0.465 1845
1847 2 320.27 346.6 -28.64 0.465 1846
1848 2 322.44 344.64 -29.03 0.465 1847
1849 2 323.94 342.43 -29.18 0.465 1848
1850 2 326.0 341.39 -29.42 0.465 1849
1851 2 327.07 341.32 -29.54 0.465 1850
1852 2 328.14 342.57 -29.72 0.465 1851
1853 2 330.51 342.64 -30.15 0.465 1852
1854 2 288.38 366.61 -31.13 0.75 1817
1855 2 290.22 369.33 -31.56 0.75 1854
1856 2 292.67 372.33 -33.47 0.75 1855
1857 2 294.52 374.25 -35.0 0.75 1856
1858 2 297.46 375.9 -35.4 0.75 1857
1859 2 298.21 374.89 -35.58 0.52 1858
1860 2 299.18 373.58 -35.69 0.52 1859
1861 2 301.34 372.9 -37.69 0.52 1860
1862 2 303.11 372.29 -39.0 0.52 1861
1863 2 305.83 371.7 -40.62 0.52 1862
1864 2 307.31 369.21 -42.74 0.52 1863
1865 2 309.41 366.56 -44.37 0.52 1864
1866 2 310.66 366.3 -47.69 0.52 1865
1867 2 311.71 365.72 -48.66 0.52 1866
1868 2 313.19 365.0 -49.33 0.52 1867
1869 2 314.42 365.81 -49.88 0.465 1868
1870 2 315.43 366.73 -50.1 0.465 1869
1871 2 316.97 367.22 -50.48 0.405 1870
1872 2 318.23 367.73 -52.44 0.405 1871
1873 2 319.17 367.34 -53.2 0.405 1872
1874 2 319.99 367.9 -56.17 0.405 1873
1875 2 297.73 377.9 -35.6 0.865 1858
1876 2 298.27 379.47 -35.67 0.865 1875
1877 2 299.93 380.14 -35.87 0.81 1876
1878 2 302.35 380.95 -36.15 0.81 1877
1879 2 302.8 382.45 -36.21 0.81 1878
1880 2 301.69 385.67 -36.1 0.81 1879
1881 2 302.99 388.54 -36.27 0.81 1880
1882 2 308.51 397.49 -37.02 0.81 1881
1883 2 312.95 403.6 -35.6 0.81 1882
1884 2 317.45 409.9 -36.11 0.81 1883
1885 2 320.75 413.55 -36.52 0.81 1884
1886 2 325.18 419.37 -37.06 0.81 1885
1887 2 329.49 424.94 -37.6 0.81 1886
1888 2 333.44 430.24 -38.08 0.81 1887
1889 2 338.5 435.38 -38.7 0.81 1888
1890 2 341.78 441.42 -40.07 0.695 1889
1891 2 344.51 445.07 -40.46 0.695 1890
1892 2 347.04 448.91 -41.28 0.695 1891
1893 2 351.63 451.8 -41.88 0.695 1892
1894 2 357.69 455.8 -42.6 0.695 1893
1895 2 363.51 460.5 -43.36 0.695 1894
1896 2 367.41 464.74 -43.63 0.695 1895
1897 2 369.66 466.86 -41.94 0.695 1896
1898 2 371.94 469.01 -42.12 0.695 1897
1899 2 372.94 469.03 -42.13 0.29 1898
1900 2 373.96 469.21 -42.25 0.29 1899
1901 2 374.78 469.84 -42.35 0.29 1900
1902 2 375.68 470.95 -42.46 0.29 1901
1903 2 376.45 471.83 -42.55 0.29 1902
1904 2 378.57 472.27 -42.8 0.29 1903
1905 2 380.31 473.01 -43.01 0.29 1904
1906 2 382.38 473.7 -43.25 0.29 1905
1907 2 384.95 475.06 -43.55 0.29 1906
1908 2 387.06 476.08 -43.8 0.29 1907
1909 2 388.61 476.52 -43.99 0.29 1908
1910 2 390.18 476.74 -42.81 0.29 1909
1911 2 390.69 475.13 -41.55 0.29 1910
1912 2 392.05 473.31 -40.44 0.29 1911
1913 2 392.68 471.89 -40.4 0.29 1912
1914 2 394.37 469.86 -39.12 0.29 1913
1915 2 395.94 466.99 -39.23 0.29 1914
1916 2 396.16 464.98 -39.2 0.29 1915
1917 2 394.49 463.56 -38.99 0.29 1916
1918 2 374.72 471.67 -42.2 0.75 1898
1919 2 377.09 473.31 -42.49 0.75 1918
1920 2 380.35 476.65 -42.88 0.75 1919
1921 2 379.94 477.65 -41.13 0.52 1920
1922 2 379.39 478.4 -41.02 0.52 1921
1923 2 380.12 479.72 -39.96 0.465 1922
1924 2 379.14 481.08 -44.38 0.465 1923
1925 2 377.48 481.54 -45.15 0.465 1924
1926 2 376.23 484.11 -45.52 0.465 1925
1927 2 375.03 485.85 -45.75 0.465 1926
1928 2 374.36 486.94 -45.73 0.465 1927
1929 2 372.95 488.37 -45.98 0.405 1928
1930 2 370.67 489.69 -45.78 0.405 1929
1931 2 367.26 490.72 -43.33 0.405 1930
1932 2 366.14 492.05 -43.2 0.405 1931
1933 2 363.92 495.01 -43.02 0.405 1932
1934 2 362.65 496.51 -42.88 0.405 1933
1935 2 362.05 497.51 -42.82 0.405 1934
1936 2 360.9 498.09 -42.69 0.405 1935
1937 2 360.13 502.0 -42.63 0.405 1936
1938 2 359.3 503.64 -41.73 0.345 1937
1939 2 358.13 504.05 -41.6 0.345 1938
1940 2 357.22 505.52 -41.15 0.345 1939
1941 2 356.34 506.88 -41.06 0.345 1940
1942 2 354.38 509.57 -40.5 0.345 1941
1943 2 360.22 503.4 -42.85 0.345 1937
1944 2 359.81 505.33 -43.77 0.345 1943
1945 2 359.58 506.67 -44.6 0.345 1944
1946 2 359.15 507.87 -45.47 0.345 1945
1947 2 358.33 510.04 -45.84 0.345 1946
1948 2 385.42 478.96 -40.21 0.75 1920
1949 2 389.12 481.67 -39.6 0.75 1948
1950 2 391.91 483.76 -39.63 0.75 1949
1951 2 395.04 486.12 -39.96 0.75 1950
1952 2 397.41 487.76 -40.14 0.75 1951
1953 2 396.09 489.93 -39.9 0.465 1952
1954 2 394.46 490.59 -39.67 0.465 1953
1955 2 393.04 490.28 -40.05 0.465 1954
1956 2 391.68 489.95 -41.4 0.465 1955
1957 2 389.63 490.74 -41.32 0.465 1956
1958 2 387.42 493.16 -39.63 0.465 1957
1959 2 385.28 494.91 -38.03 0.465 1958
1960 2 382.6 494.88 -37.37 0.465 1959
1961 2 380.72 494.91 -37.1 0.465 1960
1962 2 378.62 498.56 -35.22 0.465 1961
1963 2 377.0 500.36 -34.95 0.465 1962
1964 2 375.41 502.02 -34.22 0.465 1963
1965 2 374.59 502.55 -34.03 0.465 1964
1966 2 374.11 505.51 -33.94 0.465 1965
1967 2 375.05 508.88 -32.81 0.465 1966
1968 2 374.75 510.18 -39.18 0.465 1967
1969 2 375.4 511.99 -39.42 0.465 1968
1970 2 375.33 513.62 -40.58 0.465 1969
1971 2 372.68 514.31 -41.33 0.465 1970
1972 2 370.99 514.64 -41.29 0.465 1971
1973 2 369.71 515.57 -41.25 0.465 1972
1974 2 367.87 514.4 -42.09 0.465 1973
1975 2 366.09 514.98 -42.29 0.465 1974
1976 2 400.12 490.64 -45.5 0.81 1952
1977 2 405.01 495.35 -47.86 0.81 1976
1978 2 411.6 500.16 -50.11 0.81 1977
1979 2 415.11 502.89 -53.35 0.81 1978
1980 2 417.83 505.04 -54.83 0.81 1979
1981 2 422.13 509.11 -56.51 0.75 1980
1982 2 423.51 511.11 -57.74 0.75 1981
1983 2 426.16 513.99 -60.03 0.75 1982
1984 2 429.4 516.16 -60.62 0.75 1983
1985 2 433.91 518.79 -62.26 0.75 1984
1986 2 437.33 520.01 -63.77 0.75 1985
1987 2 443.63 523.49 -64.62 0.75 1986
1988 2 449.56 526.8 -63.51 0.75 1987
1989 2 454.72 530.14 -62.47 0.75 1988
1990 2 457.34 531.83 -62.73 0.75 1989
1991 2 460.91 533.8 -63.15 0.75 1990
1992 2 468.04 535.41 -63.99 0.75 1991
1993 2 474.12 537.26 -64.7 0.75 1992
1994 2 477.31 538.79 -61.25 0.75 1993
1995 2 481.31 541.71 -60.52 0.75 1994
1996 2 484.73 544.12 -60.48 0.75 1995
1997 2 487.34 546.23 -60.74 0.75 1996
1998 2 489.15 549.25 -68.97 0.75 1997
1999 2 492.09 552.11 -69.28 0.75 1998
2000 2 496.18 556.65 -69.73 0.75 1999
2001 2 498.75 558.3 -71.9 0.75 2000
2002 2 503.03 560.57 -72.96 0.75 2001
2003 2 505.47 562.79 -68.88 0.695 2002
2004 2 507.64 565.49 -67.84 0.695 2003
2005 2 511.78 568.03 -68.28 0.695 2004
2006 2 520.16 572.77 -69.28 0.695 2005
2007 2 523.9 574.9 -68.36 0.695 2006
2008 2 528.69 578.04 -68.18 0.695 2007
2009 2 530.86 580.73 -74.39 0.695 2008
2010 2 532.53 582.36 -75.7 0.695 2009
2011 2 537.12 585.64 -77.4 0.695 2010
2012 2 540.16 588.1 -77.82 0.695 2011
2013 2 541.06 588.5 -76.32 0.695 2012
2014 2 542.94 590.21 -76.64 0.695 2013
2015 2 542.93 588.41 -75.88 0.58 2014
2016 2 540.35 584.92 -78.12 0.58 2015
2017 2 538.62 583.41 -78.97 0.58 2016
2018 2 536.92 581.65 -80.02 0.58 2017
2019 2 537.73 579.28 -80.91 0.58 2018
2020 2 537.37 577.01 -81.25 0.58 2019
2021 2 537.88 575.36 -81.3 0.58 2020
2022 2 539.65 573.43 -82.35 0.58 2021
2023 2 540.94 571.25 -82.84 0.58 2022
2024 2 542.78 569.91 -83.34 0.58 2023
2025 2 540.91 568.52 -83.37 0.58 2024
2026 2 539.58 567.22 -83.26 0.58 2025
2027 2 537.83 566.48 -83.05 0.52 2026
2028 2 537.36 563.98 -79.61 0.52 2027
2029 2 537.51 562.63 -79.57 0.52 2028
2030 2 537.38 560.51 -79.49 0.52 2029
2031 2 538.36 559.21 -79.59 0.52 2030
2032 2 544.6 569.97 -83.45 0.52 2024
2033 2 547.26 569.93 -83.36 0.52 2032
2034 2 550.41 568.43 -82.45 0.52 2033
2035 2 554.65 567.41 -82.58 0.52 2034
2036 2 556.94 565.52 -82.83 0.52 2035
2037 2 559.25 561.27 -84.23 0.465 2036
2038 2 560.49 558.6 -84.61 0.465 2037
2039 2 562.8 554.61 -85.6 0.52 2038
2040 2 564.6 552.78 -85.8 0.52 2039
2041 2 566.51 551.76 -86.01 0.52 2040
2042 2 565.95 549.6 -85.99 0.52 2041
2043 2 567.16 547.61 -86.11 0.52 2042
2044 2 568.87 545.36 -87.3 0.52 2043
2045 2 570.96 542.52 -86.52 0.52 2044
2046 2 573.62 537.29 -88.75 0.52 2045
2047 2 548.22 593.16 -69.87 0.75 2014
2048 2 553.58 596.77 -70.46 0.75 2047
2049 2 554.63 597.82 -75.68 0.75 2048
2050 2 556.15 598.26 -76.1 0.465 2049
2051 2 559.01 598.71 -78.5 0.465 2050
2052 2 561.89 599.51 -79.79 0.465 2051
2053 2 563.01 600.52 -79.98 0.465 2052
2054 2 565.35 601.42 -80.26 0.465 2053
2055 2 567.88 600.14 -80.59 0.465 2054
2056 2 569.03 598.92 -76.33 0.465 2055
2057 2 569.56 597.43 -76.34 0.465 2056
2058 2 569.4 596.29 -76.31 0.465 2057
2059 2 570.99 594.74 -76.48 0.465 2058
2060 2 571.39 592.86 -76.52 0.465 2059
2061 2 571.51 590.56 -75.46 0.465 2060
2062 2 570.95 589.11 -77.1 0.465 2061
2063 2 572.67 587.57 -79.8 0.465 2062
2064 2 574.68 587.0 -81.19 0.465 2063
2065 2 576.43 587.84 -84.42 0.465 2064
2066 2 578.23 587.98 -85.53 0.465 2065
2067 2 580.13 588.27 -86.0 0.465 2066
2068 2 582.21 588.55 -86.3 0.465 2067
2069 2 583.32 589.38 -86.43 0.465 2068
2070 2 585.8 590.1 -86.72 0.465 2069
2071 2 588.03 590.19 -86.98 0.465 2070
2072 2 589.33 590.74 -87.18 0.465 2071
2073 2 590.73 591.85 -87.95 0.465 2072
2074 2 592.98 592.1 -88.26 0.465 2073
2075 2 569.89 602.04 -78.52 0.465 2055
2076 2 571.8 603.34 -78.65 0.465 2075
2077 2 573.33 604.78 -78.78 0.465 2076
2078 2 574.33 606.54 -78.76 0.465 2077
2079 2 576.67 607.86 -78.88 0.465 2078
2080 2 577.77 609.27 -78.97 0.465 2079
2081 2 578.34 611.01 -79.05 0.465 2080
2082 2 579.37 611.94 -79.17 0.465 2081
2083 2 579.89 613.35 -79.24 0.465 2082
2084 2 559.5 600.42 -73.43 0.81 2049
2085 2 567.43 604.81 -74.33 0.75 2084
2086 2 572.23 606.85 -74.89 0.75 2085
2087 2 576.27 608.74 -75.37 0.75 2086
2088 2 581.65 611.77 -75.81 0.75 2087
2089 2 587.07 615.29 -76.41 0.75 2088
2090 2 591.98 618.72 -76.99 0.75 2089
2091 2 598.21 619.79 -77.72 0.75 2090
2092 2 602.19 625.84 -78.17 0.75 2091
2093 2 604.98 627.09 -78.5 0.75 2092
2094 2 611.0 630.38 -78.05 0.75 2093
2095 2 617.27 634.1 -78.75 0.75 2094
2096 2 622.59 637.55 -79.38 0.75 2095
2097 2 628.36 641.21 -78.71 0.75 2096
2098 2 632.72 644.0 -81.85 0.75 2097
2099 2 636.11 646.43 -84.37 0.75 2098
2100 2 639.94 648.67 -85.63 0.75 2099
2101 2 642.64 648.41 -87.91 0.635 2100
2102 2 644.42 647.67 -87.45 0.635 2101
2103 2 647.0 646.07 -86.88 0.58 2102
2104 2 649.09 645.38 -85.96 0.58 2103
2105 2 650.03 645.34 -89.34 0.58 2104
2106 2 650.65 643.96 -91.57 0.58 2105
2107 2 652.22 642.6 -94.36 0.58 2106
2108 2 654.05 642.32 -95.52 0.58 2107
2109 2 655.44 641.36 -95.93 0.58 2108
2110 2 656.03 639.21 -96.13 0.58 2109
2111 2 657.15 636.89 -96.5 0.465 2110
2112 2 661.55 634.11 -96.84 0.465 2111
2113 2 665.02 632.38 -97.03 0.465 2112
2114 2 667.46 631.44 -97.15 0.465 2113
2115 2 669.31 629.97 -95.85 0.465 2114
2116 2 670.17 628.44 -95.94 0.465 2115
2117 2 672.03 627.03 -95.34 0.405 2116
2118 2 673.9 626.24 -96.9 0.405 2117
2119 2 677.06 624.41 -99.07 0.405 2118
2120 2 679.6 624.24 -100.02 0.405 2119
2121 2 680.71 624.97 -100.65 0.405 2120
2122 2 681.89 622.98 -100.98 0.405 2121
2123 2 684.21 620.3 -102.08 0.405 2122
2124 2 685.51 619.12 -102.38 0.405 2123
2125 2 687.41 617.52 -102.69 0.405 2124
2126 2 688.28 616.16 -102.78 0.405 2125
2127 2 689.58 614.24 -102.91 0.405 2126
2128 2 690.98 612.54 -103.07 0.405 2127
2129 2 692.64 611.47 -103.25 0.405 2128
2130 2 697.1 610.15 -104.76 0.405 2129
2131 2 647.22 651.55 -82.41 0.81 2100
2132 2 654.92 655.49 -83.28 0.81 2131
2133 2 660.19 659.47 -85.87 0.81 2132
2134 2 664.32 661.76 -86.82 0.81 2133
2135 2 666.81 663.8 -90.79 0.81 2134
2136 2 669.48 665.33 -94.08 0.75 2135
2137 2 672.1 667.91 -94.8 0.75 2136
2138 2 674.24 670.42 -95.16 0.75 2137
2139 2 679.26 671.82 -96.66 0.75 2138
2140 2 686.68 674.97 -97.63 0.75 2139
2141 2 690.44 677.33 -97.53 0.75 2140
2142 2 693.65 678.85 -97.55 0.75 2141
2143 2 697.54 681.29 -97.11 0.75 2142
2144 2 701.81 684.23 -97.57 0.75 2143
2145 2 708.22 687.28 -97.73 0.75 2144
2146 2 713.73 689.39 -98.02 0.75 2145
2147 2 719.21 691.79 -100.33 0.75 2146
2148 2 719.94 693.18 -103.75 0.635 2147
2149 2 721.25 694.89 -103.86 0.635 2148
2150 2 722.79 696.17 -103.54 0.58 2149
2151 2 724.04 697.53 -105.3 0.58 2150
2152 2 725.12 698.49 -107.2 0.58 2151
2153 2 721.88 700.52 -106.83 0.465 2152
2154 2 719.74 701.49 -106.39 0.465 2153
2155 2 717.81 701.78 -106.12 0.465 2154
2156 2 715.25 701.67 -105.12 0.465 2155
2157 2 713.27 701.14 -104.34 0.465 2156
2158 2 711.05 700.41 -106.79 0.465 2157
2159 2 709.32 699.89 -107.45 0.465 2158
2160 2 708.17 698.96 -108.31 0.465 2159
2161 2 707.25 697.91 -109.31 0.465 2160
2162 2 705.71 698.22 -109.28 0.465 2161
2163 2 725.98 699.43 -107.45 0.465 2152
2164 2 728.57 701.02 -104.94 0.465 2163
2165 2 727.34 701.21 -104.35 0.465 2164
2166 2 725.27 701.1 -104.11 0.465 2165
2167 2 723.1 701.49 -103.86 0.465 2166
2168 2 721.7 700.93 -104.5 0.465 2167
2169 2 719.73 699.69 -105.68 0.465 2168
2170 2 717.63 698.26 -105.52 0.465 2169
2171 2 715.63 697.64 -105.49 0.465 2170
2172 2 731.28 702.49 -107.13 0.75 2164
2173 2 733.75 704.17 -108.68 0.75 2172
2174 2 731.43 704.3 -130.41 0.465 2173
2175 2 733.11 704.94 -131.76 0.405 2174
2176 2 733.35 706.7 -133.31 0.405 2175
2177 2 733.45 708.3 -134.54 0.405 2176
2178 2 734.76 710.5 -135.16 0.405 2177
2179 2 736.58 711.53 -136.63 0.405 2178
2180 2 739.47 711.6 -137.57 0.405 2179
2181 2 740.98 711.88 -137.85 0.405 2180
2182 2 744.38 714.8 -140.83 0.405 2181
2183 2 747.06 717.2 -142.21 0.405 2182
2184 2 750.18 719.62 -143.44 0.405 2183
2185 2 755.7 723.33 -145.66 0.405 2184
2186 2 758.67 726.59 -147.73 0.405 2185
2187 2 760.74 729.88 -149.7 0.405 2186
2188 2 763.01 734.51 -150.15 0.405 2187
2189 2 764.82 738.63 -150.43 0.405 2188
2190 2 765.66 740.58 -150.54 0.405 2189
2191 2 766.85 742.06 -150.69 0.405 2190
2192 2 767.65 743.42 -151.19 0.405 2191
2193 2 769.32 745.9 -152.05 0.405 2192
2194 2 770.97 747.72 -152.3 0.405 2193
2195 2 774.28 749.29 -153.6 0.405 2194
2196 2 723.49 694.93 -101.9 0.925 2147
2197 2 726.19 696.52 -98.4 0.925 2196
2198 2 727.89 697.94 -98.45 0.925 2197
2199 2 732.62 699.33 -98.85 0.925 2198
2200 2 736.52 701.92 -98.52 0.925 2199
2201 2 740.27 704.41 -100.12 0.925 2200
2202 2 742.3 704.41 -100.36 0.75 2201
2203 2 741.63 706.56 -97.22 0.58 2202
2204 2 741.15 708.46 -96.52 0.465 2203
2205 2 739.97 710.39 -95.44 0.465 2204
2206 2 738.19 710.9 -94.89 0.465 2205
2207 2 737.81 712.55 -93.65 0.465 2206
2208 2 737.34 714.88 -92.7 0.465 2207
2209 2 736.7 716.55 -92.34 0.465 2208
2210 2 736.67 719.53 -92.0 0.465 2209
2211 2 745.99 705.67 -105.32 0.75 2202
2212 2 750.59 707.05 -106.81 0.75 2211
2213 2 753.81 707.87 -108.75 0.75 2212
2214 2 756.47 710.43 -110.53 0.75 2213
2215 2 759.56 714.94 -110.97 0.75 2214
2216 2 757.6 719.25 -112.33 0.865 2215
2217 2 756.46 721.69 -113.67 0.865 2216
2218 2 755.26 724.01 -114.0 0.865 2217
2219 2 757.4 725.74 -115.62 0.865 2218
2220 2 759.58 725.5 -115.97 0.865 2219
2221 2 760.84 727.59 -117.64 0.81 2220
2222 2 763.19 730.2 -119.29 0.81 2221
2223 2 766.51 736.3 -121.17 0.81 2222
2224 2 767.87 739.24 -121.59 0.81 2223
2225 2 769.66 742.43 -122.98 0.81 2224
2226 2 770.99 747.17 -124.57 0.81 2225
2227 2 772.82 749.62 -125.45 0.81 2226
2228 2 774.84 753.62 -125.81 0.81 2227
2229 2 774.91 754.84 -126.03 0.81 2228
2230 2 776.57 758.48 -126.95 0.81 2229
2231 2 779.7 763.11 -128.39 0.81 2230
2232 2 783.71 768.9 -128.94 0.81 2231
2233 2 786.45 774.62 -129.55 0.81 2232
2234 2 789.42 780.06 -129.97 0.81 2233
2235 2 787.52 785.61 -130.19 0.81 2234
2236 2 785.6 789.88 -129.04 0.81 2235
2237 2 788.72 793.08 -129.02 0.81 2236
2238 2 791.04 797.49 -128.11 0.81 2237
2239 2 792.73 800.63 -128.02 0.81 2238
2240 2 795.13 804.11 -131.09 0.81 2239
2241 2 798.46 806.36 -127.96 0.81 2240
2242 2 804.16 811.82 -128.66 0.81 2241
2243 2 807.82 815.59 -129.05 0.81 2242
2244 2 809.69 819.04 -129.29 0.81 2243
2245 2 809.84 821.91 -129.32 0.81 2244
2246 2 808.85 825.36 -129.23 0.81 2245
2247 2 806.68 828.65 -129.0 0.81 2246
2248 2 753.73 726.38 -112.03 0.75 2218
2249 2 751.56 728.86 -114.46 0.75 2248
2250 2 748.9 732.86 -114.99 0.75 2249
2251 2 744.02 736.71 -114.6 0.75 2250
2252 2 741.21 739.9 -111.78 0.75 2251
2253 2 737.42 741.07 -109.19 0.75 2252
2254 2 731.74 740.76 -107.67 0.75 2253
2255 2 727.6 741.36 -106.75 0.75 2254
2256 2 723.85 743.95 -107.14 0.75 2255
2257 2 723.03 747.87 -103.8 0.75 2256
2258 2 720.07 753.36 -102.38 0.75 2257
2259 2 718.35 757.48 -99.34 0.985 2258
2260 2 715.31 761.53 -107.67 0.985 2259
2261 2 714.02 764.38 -106.84 0.985 2260
2262 2 714.91 769.41 -105.26 0.985 2261
2263 2 715.64 773.12 -112.21 0.985 2262
2264 2 716.71 775.72 -114.92 0.985 2263
2265 2 718.53 778.17 -115.9 0.985 2264
2266 2 720.02 781.2 -118.26 0.985 2265
2267 2 718.89 784.81 -119.46 0.985 2266
2268 2 719.81 787.31 -120.38 0.985 2267
2269 2 723.07 789.72 -121.78 0.985 2268
2270 2 725.06 791.08 -122.07 0.985 2269
2271 2 730.91 794.94 -122.97 0.985 2270
2272 2 762.52 715.22 -109.25 0.695 2215
2273 2 764.54 713.95 -108.92 0.695 2272
2274 2 769.75 717.61 -111.56 0.695 2273
2275 2 773.87 721.06 -112.61 0.695 2274
2276 2 780.34 724.51 -113.37 0.695 2275
2277 2 786.08 726.2 -115.46 0.695 2276
2278 2 789.91 729.02 -116.77 0.695 2277
2279 2 796.86 731.92 -113.41 0.695 2278
2280 2 798.79 734.82 -111.84 0.695 2279
2281 2 799.83 736.77 -110.26 0.695 2280
2282 2 800.71 739.14 -109.93 0.695 2281
2283 2 801.97 741.04 -109.23 0.695 2282
2284 2 805.57 741.18 -106.27 0.695 2283
2285 2 809.24 739.51 -105.63 0.695 2284
2286 2 813.65 738.47 -105.78 0.695 2285
2287 2 816.04 739.38 -109.33 0.695 2286
2288 2 817.52 740.0 -112.38 0.695 2287
2289 2 821.24 742.27 -113.22 0.695 2288
2290 2 821.71 740.34 -115.48 0.635 2289
2291 2 824.45 735.31 -115.81 0.635 2290
2292 2 826.56 732.85 -116.09 0.635 2291
2293 2 828.63 731.23 -116.37 0.635 2292
2294 2 830.61 728.95 -116.63 0.635 2293
2295 2 831.08 723.54 -115.29 0.635 2294
2296 2 831.66 719.59 -114.63 0.635 2295
2297 2 835.44 716.45 -112.63 0.635 2296
2298 2 839.63 713.88 -112.09 0.635 2297
2299 2 843.27 711.38 -112.14 0.635 2298
2300 2 843.4 708.57 -111.79 0.635 2299
2301 2 845.02 705.54 -111.3 0.635 2300
2302 2 846.83 701.17 -110.27 0.635 2301
2303 2 849.68 695.21 -110.61 0.635 2302
2304 2 853.38 688.12 -108.78 0.635 2303
2305 2 856.23 684.35 -107.47 0.635 2304
2306 2 858.4 681.57 -106.9 0.635 2305
2307 2 859.5 679.03 -106.51 0.635 2306
2308 2 860.32 677.6 -106.24 0.58 2307
2309 2 860.0 676.49 -106.15 0.405 2308
2310 2 860.63 674.5 -106.21 0.345 2309
2311 2 862.25 673.68 -106.39 0.345 2310
2312 2 864.11 672.92 -106.6 0.345 2311
2313 2 866.85 668.57 -106.28 0.345 2312
2314 2 822.4 745.59 -116.55 0.58 2289
2315 2 826.89 748.32 -114.11 0.58 2314
2316 2 830.59 750.48 -112.09 0.58 2315
2317 2 834.62 752.61 -110.05 0.58 2316
2318 2 839.24 755.21 -108.63 0.58 2317
2319 2 844.14 759.56 -115.52 0.58 2318
2320 2 850.56 761.27 -116.77 0.695 2319
2321 2 858.49 763.23 -119.71 0.695 2320
2322 2 861.73 764.94 -121.91 0.695 2321
2323 2 865.31 766.75 -125.6 0.695 2322
2324 2 868.92 768.78 -126.39 0.695 2323
2325 2 872.85 770.45 -126.9 0.695 2324
2326 2 877.73 775.03 -127.69 0.695 2325
2327 2 876.76 776.48 -127.84 0.695 2326
2328 2 877.76 779.57 -127.98 0.695 2327
2329 2 879.1 783.34 -128.21 0.695 2328
2330 2 880.3 785.4 -128.36 0.695 2329
2331 2 883.33 787.69 -128.72 0.695 2330
2332 2 884.54 789.23 -129.47 0.695 2331
2333 2 886.84 789.23 -129.79 0.695 2332
2334 2 889.36 790.86 -130.14 0.695 2333
2335 2 891.97 792.54 -130.45 0.695 2334
2336 2 894.25 794.69 -130.73 0.695 2335
2337 2 880.9 776.87 -128.42 0.695 2326
2338 2 885.32 779.63 -128.95 0.695 2337
2339 2 892.07 783.86 -129.8 0.695 2338
2340 2 897.69 787.1 -130.47 0.695 2339
2341 2 901.09 789.67 -130.88 0.695 2340
2342 2 902.44 790.55 -131.04 0.635 2341
2343 2 903.06 791.45 -131.12 0.635 2342
2344 2 905.01 793.07 -131.36 0.635 2343