 1 1 0 0 0 6.809 -1
 4 3 0.92 3.75 -0.44 0.345 1
 5 3 2.67 5.02 0.67 0.285 4
 6 3 7.17 9.01 -0.44 0.23 5
 7 3 9.49 11.57 -0.44 0.23 6
 8 3 12.6 11.8 -0.44 0.23 7
 9 3 14.27 14.11 -0.44 0.23 8
 10 3 16.1 18.67 -0.44 0.23 9
 11 3 17.47 21.99 -0.44 0.17 10
 12 3 18.61 25.82 -0.44 0.17 11
 13 3 19.54 27.75 -0.44 0.17 12
 14 3 22.37 26.89 -2.15 0.17 13
 15 3 30.9 25.07 -0.21 0.17 14
 16 3 36.46 25.31 -0.67 0.17 15
 17 3 44.16 27.21 -1.19 0.17 16
 18 3 47.82 26.94 -1.24 0.17 17
 19 3 49.24 29.34 -1.24 0.17 18
 20 3 52.21 32.22 -1.24 0.17 19
 21 3 58.34 37.81 -2.76 0.17 20
 22 3 62.97 37.98 -2.82 0.115 21
 23 3 65.33 36.56 -2.82 0.17 22
 24 3 68.12 36.02 -2.82 0.17 23
 25 3 70.06 36.25 -2.82 0.17 24
 26 3 72.58 35.91 -2.82 0.17 25
 27 3 74.51 35.56 -2.82 0.23 26
 28 3 76.63 35.51 -2.82 0.115 27
 29 3 78.56 34.45 -3.47 0.17 28
 30 3 81.46 35.23 -4.13 0.17 29
 31 3 84.71 35.37 -4.42 0.17 30
 32 3 89.16 36.56 -4.25 0.17 31
 33 3 89.73 37.83 -5.78 0.17 32
 34 3 88.99 39.93 -5.9 0.17 33
 35 3 87.32 41.37 -7.03 0.17 34
 36 3 84.64 41.93 -7.88 0.17 35
 37 3 85.14 43.66 -8.75 0.17 36
 38 3 85.81 42.49 -8.8 0.17 37
 39 3 87.41 45.24 -8.8 0.17 38
 40 3 85.2 48.95 -8.8 0.17 39
 41 3 83.47 53.77 -8.8 0.17 40
 42 3 82.65 51.98 -10.17 0.17 41
 43 3 81.46 52.71 -11.52 0.17 42
 44 3 79.88 49.83 -14.55 0.115 43
 45 3 80.14 48.46 -14.55 0.115 44
 46 3 81.38 45.65 -12.89 0.115 45
 47 3 19.24 29.09 -0.27 0.23 13
 48 3 19.27 32.03 -0.27 0.23 47
 49 3 18.9 34.55 -1.4 0.345 48
 50 3 18.68 35.8 -1.4 0.17 49
 51 3 19.32 37.91 -1.4 0.345 50
 52 3 20.4 40.33 -1.4 0.23 51
 53 3 22.8 44.89 -1.4 0.23 52
 54 3 22.13 46.65 -1.4 0.17 53
 55 3 23.26 49.32 -1.75 0.345 54
 56 3 24.16 51.47 -2.76 0.17 55
 57 3 25.38 52.99 -2.76 0.17 56
 58 3 26.53 53.69 -2.76 0.4 57
 59 3 28.16 57.38 -4.07 0.17 58
 60 3 30.07 64.05 -4.65 0.17 59
 61 3 31.19 68.02 -2.53 0.17 60
 62 3 32.52 72.14 -2.53 0.17 61
 63 3 32.34 76.22 -2.53 0.17 62
 64 3 32.73 77.22 -2.53 0.23 63
 65 3 33.2 79.07 -2.53 0.17 64
 66 3 33.13 83.85 -2.53 0.17 65
 67 3 33.73 84.92 -2.53 0.285 66
 68 3 33.5 86.15 -2.53 0.17 67
 69 3 33.25 89.39 -2.53 0.23 68
 70 3 32.63 95.03 -0.97 0.23 69
 71 3 32.67 98.55 -0.89 0.23 70
 72 3 32.98 100.6 -2.32 0.4 71
 73 3 33.42 103.3 -2.32 0.23 72
 74 3 32.66 104.8 -2.32 0.23 73
 75 3 32 107.1 -2.32 0.23 74
 76 3 32.19 109.9 -3.34 0.285 75
 77 3 31.66 113.3 -3.28 0.17 76
 78 3 32.63 117.5 -2.44 0.17 77
 79 3 32.53 123 -2.44 0.17 78
 80 3 33.75 125.8 -1.24 0.17 79
 81 3 33.51 131.4 -1.24 0.17 80
 82 3 34.25 138.7 -1.24 0.17 81
 83 3 35.23 142.19 -0.38 0.17 82
 84 3 35.37 145.19 -0.17 0.17 83
 85 3 34.86 151.1 -1.82 0.17 84
 86 3 34.66 156.4 -1.82 0.17 85
 87 3 33.46 160.3 -1.75 0.17 86
 88 3 32.59 163.8 -1.75 0.17 87
 89 3 32.76 167.2 -1.75 0.23 88
 90 3 32.1 171.3 -1.75 0.17 89
 91 3 31.34 175.4 -1.75 0.17 90
 92 3 30.18 177.31 -1.75 0.17 91
 93 3 30.55 179.01 -1.7 0.285 92
 94 3 31.22 182.31 -1.7 0.17 93
 95 3 31.58 189 -1.62 0.17 94
 96 3 32.74 193.6 -1.3 0.17 95
 97 3 32.15 196.2 -2.53 0.17 96
 98 3 31.81 198.6 -2.53 0.23 97
 99 3 30.51 200.51 -2.53 0.17 98
 100 3 30.25 205.11 -2.59 0.17 99
 101 3 31.56 209.9 -4.13 0.23 100
 102 3 31.6 212.8 -4.13 0.23 101
 103 3 31.49 217.1 -4.13 0.23 102
 104 3 30.92 220.81 -4.13 0.23 103
 105 3 30.43 224.31 -4.07 0.345 104
 106 3 30.05 226.41 -4.07 0.23 105
 107 3 29.02 229.31 -4.07 0.23 106
 108 3 31.88 231.5 -5.03 0.23 107
 109 3 35.25 232.9 -4.42 0.23 108
 110 3 35.57 234.89 -4.76 0.17 109
 111 3 37.28 238.29 -6.11 0.17 110
 112 3 40.87 239.08 -6.11 0.17 111
 113 3 41.94 240.08 -6.11 0.285 112
 114 3 43.48 241.87 -6.11 0.17 113
 115 3 45.99 244.17 -6.11 0.17 114
 116 3 47.97 244.16 -6.11 0.17 115
 117 3 49.41 245.16 -6.11 0.285 116
 118 3 51.79 247.45 -6.11 0.115 117
 119 3 52.28 248.45 -6.11 0.115 118
 120 3 53.31 249.95 -6.11 0.285 119
 121 3 56.01 252.24 -6.11 0.17 120
 122 3 56.33 253.74 -6.11 0.17 121
 123 3 55.97 255.64 -6.11 0.17 122
 124 3 55.5 257.04 -6.11 0.23 123
 125 3 54.91 260.24 -6.11 0.115 124
 126 3 53.75 262.05 -6.01 0.285 125
 127 3 53.57 264.25 -6.65 0.23 126
 128 3 52.86 267.95 -6.65 0.23 127
 129 3 51.5 269.65 -6.65 0.23 128
 130 3 52.42 273.55 -6.65 0.23 129
 131 3 52.21 278.25 -6.65 0.23 130
 132 3 50.74 280.06 -6.65 0.285 131
 133 3 50.48 282.56 -6.65 0.23 132
 134 3 50.21 285.86 -6.65 0.345 133
 135 3 48.46 289.56 -6.65 0.17 134
 136 3 48.42 292.26 -6.65 0.17 135
 137 3 46.68 294.07 -6.65 0.17 136
 138 3 46.21 297.27 -6.65 0.17 137
 139 3 46.06 298.57 -7.32 0.285 138
 140 3 45.66 303.97 -6.4 0.23 139
 141 3 47.18 309.36 -5.78 0.17 140
 142 3 47.49 315.26 -5.78 0.17 141
 143 3 48.45 321.46 -5.75 0.17 142
 144 3 48.85 328.06 -5.5 0.17 143
 145 3 48.66 331.66 -4.25 0.17 144
 146 3 46.42 336.07 -4.19 0.17 145
 147 3 43.19 338.97 -4.19 0.17 146
 148 3 42.18 341.98 -4.13 0.17 147
 149 3 41.36 346.98 -4.03 0.17 148
 150 3 42.99 353.18 -3.34 0.17 149
 151 3 44.7 353.37 -3.28 0.17 150
 152 3 44.11 352.27 -3.69 0.17 151
 153 3 43.78 353.37 -5.38 0.17 152
 154 3 42.95 355.98 -5.9 0.17 153
 155 3 45.18 356.57 -5.9 0.17 154
 156 3 47.84 359.76 -5.38 0.17 155
 157 3 49.93 360.46 -5.44 0.17 156
 158 3 47.59 362.36 -5.5 0.17 157
 159 3 46.89 364.87 -4.36 0.23 158
 160 3 45.67 366.37 -5.28 0.115 159
 161 3 44.52 364.97 -6.53 0.115 160
 162 3 24.37 54.88 -5.5 0.285 58
 163 3 26.68 56.26 -6.11 0.17 162
 164 3 27.47 56.99 -8.97 0.17 163
 165 3 29.76 57.78 -8.97 0.17 164
 166 3 32.22 60.92 -9.09 0.17 165
 167 3 31.52 63.49 -10.22 0.23 166
 168 3 31.14 66.14 -10.22 0.23 167
 169 3 26.72 65.42 -10.34 0.23 168
 170 3 22.74 67.36 -10.34 0.23 169
 171 3 18.86 70.63 -11.71 0.23 170
 172 3 15.82 69.95 -12.1 0.23 171
 173 3 12.94 72.22 -12.31 0.23 172
 174 3 11.23 72.61 -12.38 0.23 173
 175 3 10.27 75.36 -12.38 0.17 174
 176 3 9.67 78.53 -12.38 0.17 175
 177 3 7.53 83.05 -12.38 0.17 176
 178 3 3.58 90.06 -12.43 0.17 177
 179 3 0.75 98.95 -13.01 0.17 178
 180 3 -0.34 102.4 -13.06 0.17 179
 181 3 -1.84 105.4 -13.06 0.17 180
 182 3 -4.27 108.41 -13.06 0.17 181
 183 3 -6.35 114.61 -13.06 0.17 182
 184 3 -6.67 123.01 -13.13 0.17 183
 185 3 -8.4 130.32 -13.63 0.17 184
 186 3 -9.74 136.82 -13.63 0.17 185
 187 3 -10.46 140.72 -13.63 0.17 186
 188 3 -10.95 145.22 -13.63 0.17 187
 189 3 -11.35 151.72 -13.88 0.17 188
 190 3 -11.41 156.52 -13.97 0.17 189
 191 3 -15.63 158.94 -14.05 0.17 190
 192 3 -24.37 165.16 -14.05 0.115 191
 193 3 -26.32 167.86 -14.43 0.23 192
 194 3 -29.34 173.47 -14.43 0.17 193
 195 3 -30.8 178.67 -14.43 0.17 194
 196 3 -33.84 183.88 -14.43 0.17 195
 197 3 -39.41 188.1 -14.43 0.17 196
 198 3 -40.76 191.5 -14.47 0.17 197
 199 3 34.68 57.87 -8.57 0.17 166
 200 3 36.36 53.96 -10.46 0.17 199
 201 3 41.63 48.26 -10.46 0.17 200
 202 3 45.1 47.16 -10.51 0.17 201
 203 3 47.95 48.16 -11.64 0.17 202
 204 3 49.87 45.34 -11.64 0.17 203
 205 3 51.35 46.2 -13.06 0.17 204
 206 3 52.47 43.37 -14.77 0.17 205
 207 3 56.44 40.83 -14.77 0.17 206
 208 3 58.49 37.33 -15.17 0.17 207
 209 3 60.65 34.71 -17.54 0.17 208
 210 3 61.16 30.71 -19.64 0.17 209
 211 3 66.43 28.16 -19.94 0.17 210
 212 3 73.49 23.51 -19.27 0.17 211
 213 3 75.31 18.11 -22.7 0.17 212
 214 3 81.76 9.22 -22.95 0.17 213
 215 3 91.19 3.83 -22.95 0.17 214
 216 3 96.03 0.98 -23.19 0.17 215
 217 3 101.78 -3.55 -24.7 0.17 216
 218 3 -1.68 4.09 0.18 0.345 1
 219 3 -0.72 7.08 0.18 0.345 218
 220 3 -1.18 11.46 -0.23 0.345 219
 221 3 -0.25 16.44 -0.23 0.345 220
 222 3 -0.15 18.33 -0.17 0.46 221
 223 3 5.69 25.63 -0.17 0.285 222
 224 3 5.68 28.8 -0.17 0.285 223
 225 3 5.21 31.3 -0.17 0.285 224
 226 3 5.72 37.75 -1.41 0.345 225
 227 3 6.18 39.7 0.25 0.285 226
 228 3 3.35 41.06 0.25 0.17 227
 229 3 -3.23 45.81 0.25 0.17 228
 230 3 -8.17 54.15 0.25 0.17 229
 231 3 -10.79 58.82 0.25 0.17 230
 232 3 -15.04 67.27 0.25 0.17 231
 233 3 -21 76.71 0.25 0.17 232
 234 3 -24.17 82.45 0.25 0.17 233
 235 3 -26.97 87.43 -0.44 0.17 234
 236 3 -31.33 93.52 -1.53 0.17 235
 237 3 -34.86 95.55 -1.87 0.17 236
 238 3 -39.91 98.82 -2.4 0.17 237
 239 3 -43.75 103.01 -2.61 0.17 238
 240 3 -49.15 106.32 -2.61 0.17 239
 241 3 -53.02 108.33 -2.61 0.17 240
 242 3 -54.33 113.44 -2.61 0.17 241
 243 3 -60.6 118.35 -3.86 0.17 242
 244 3 -64.18 122.46 -4.21 0.17 243
 245 3 -67.05 124.07 -4.05 0.23 244
 246 3 -70 126.08 -4.05 0.17 245
 247 3 -73.68 129.49 -4.05 0.17 246
 248 3 -75.16 131.79 -5.51 0.17 247
 249 3 -80.35 135.9 -5.76 0.17 248
 250 3 -86 140.92 -5.76 0.17 249
 251 3 -90.37 143.03 -5.76 0.17 250
 252 3 -93.52 144.94 -6.09 0.17 251
 253 3 -98.17 148.65 -6.26 0.17 252
 254 3 -101.7 151.06 -6.26 0.17 253
 255 3 -102.49 152.76 -7.05 0.17 254
 256 3 -106.19 155.37 -7.05 0.17 255
 257 3 -105.88 157.07 -6.46 0.17 256
 258 3 -108.97 160.48 -5.96 0.17 257
 259 3 -110.46 164.38 -5.96 0.17 258
 260 3 -115.55 168.89 -5.96 0.17 259
 261 3 -119.14 173.8 -6.65 0.17 260
 262 3 -120.33 178.81 -6.65 0.17 261
 263 3 -124.52 181.62 -6.65 0.17 262
 264 3 -125.71 185.42 -6.65 0.17 263
 265 3 -131.2 190.03 -8.52 0.17 264
 266 3 -133.19 193.64 -8.52 0.17 265
 267 3 -135.28 195.94 -8.52 0.285 266
 268 3 -138.06 204.55 -8.59 0.17 267
 269 3 -141.54 210.16 -8.81 0.17 268
 270 3 -144.63 216.27 -9.94 0.17 269
 271 3 -146.92 220.67 -10.06 0.17 270
 272 3 -149.1 227.18 -8.64 0.17 271
 273 3 -149.49 233.28 -8.64 0.23 272
 274 3 -149.37 237.48 -9.43 0.23 273
 275 3 -150.57 240.28 -10.02 0.23 274
 276 3 -151.65 246.49 -8.64 0.23 275
 277 3 -153.23 254.69 -9.27 0.23 276
 278 3 -156.11 261.1 -9.27 0.23 277
 279 3 -156.5 265.5 -9.31 0.23 278
 280 3 -157.88 273.4 -9.48 0.23 279
 281 3 -160.65 284.31 -9.56 0.23 280
 282 3 -162.35 287.71 -9.39 0.23 281
 283 3 -160.34 288.41 -10.18 0.17 282
 284 3 -159.13 292.01 -10.81 0.17 283
 285 3 -158.52 295.8 -10.85 0.17 284
 286 3 -160.31 301.01 -11.55 0.17 285
 287 3 -158.79 307.8 -11.64 0.17 286
 288 3 -159.08 311.21 -11.64 0.17 287
 289 3 -158.58 313.7 -11.64 0.17 288
 290 3 -160.57 315.91 -11.38 0.17 289
 291 3 5.58 44.02 0.12 0.285 227
 292 3 4.67 48.3 0.12 0.285 291
 293 3 4.41 49.67 0.12 0.285 292
 294 3 5.84 50.18 1.89 0.285 293
 295 3 7.28 52.44 1.89 0.23 294
 296 3 6.98 54.63 1.04 0.345 295
 297 3 8.84 54.61 2.98 0.23 296
 298 3 12.82 57.11 2.98 0.17 297
 299 3 17.02 57.78 2.98 0.17 298
 300 3 22.97 59.01 2.98 0.17 299
 301 3 27.71 61.78 3.55 0.17 300
 302 3 29.81 64.28 4.96 0.17 301
 303 3 33.05 68.77 5.13 0.17 302
 304 3 37.06 69.75 2.48 0.17 303
 305 3 41.31 71.49 1.44 0.17 304
 306 3 45.94 69.77 1.44 0.17 305
 307 3 51.63 69.31 1.44 0.17 306
 308 3 55.33 70.11 0.25 0.17 307
 309 3 60.31 74.68 0.18 0.17 308
 310 3 66.27 77.09 0.54 0.17 309
 311 3 70.22 79.69 -0.23 0.17 310
 312 3 73.99 83.93 -0.28 0.17 311
 313 3 72.45 86.81 -2.22 0.17 312
 314 3 70.9 102.5 -2.22 0.17 313
 315 3 68.71 105.51 -3.24 0.17 314
 316 3 68.15 112.91 -3.59 0.17 315
 317 3 67.46 117.61 -3.97 0.17 316
 318 3 65.99 121.72 -4.05 0.17 317
 319 3 67.58 126.91 -4.38 0.17 318
 320 3 70.51 128.8 -5.21 0.17 319
 321 3 75.92 129.19 -5.63 0.17 320
 322 3 84.03 130.67 -5.92 0.17 321
 323 3 90.03 132.95 -7.01 0.17 322
 324 3 96.18 132.54 -7.11 0.17 323
 325 3 100.54 134.03 -6.42 0.17 324
 326 3 107.13 129.91 -7.05 0.17 325
 327 3 112.12 127.7 -8.88 0.17 326
 328 3 118.62 125.48 -9.27 0.17 327
 329 3 124.11 122.77 -9.31 0.17 328
 330 3 9.93 52.6 2.71 0.17 297
 331 3 15.47 53.53 2.25 0.17 330
 332 3 22.63 53.34 1.39 0.17 331
 333 3 25.58 53.2 -2.68 0.17 332
 334 3 27.35 52.47 7.19 0.17 333
 335 3 5.6 56.96 2.25 0.285 296
 336 3 3.51 63.83 2.25 0.285 335
 337 3 1.67 69.23 2.25 0.285 336
 338 3 -0.32 73.8 2.75 0.345 337
 339 3 -0.87 78.62 2.75 0.285 338
 340 3 -2.22 82.7 2.75 0.285 339
 341 3 -4.25 90.68 2.75 0.285 340
 342 3 -4.88 95.26 2.75 0.285 341
 343 3 -6.38 98.36 2.75 0.285 342
 344 3 -6.48 102.01 2.86 0.515 343
 345 3 -6.15 105.21 1.78 0.23 344
 346 3 -4.96 108.11 1.78 0.23 345
 347 3 -3.46 110.7 0.88 0.23 346
 348 3 -2.07 113.2 1.61 0.23 347
 349 3 -1.03 114.3 2.34 0.23 348
 350 3 -0.26 115.9 3.31 0.345 349
 351 3 0.86 118.48 3.31 0.17 350
 352 3 2.56 120.48 3.31 0.17 351
 353 3 3.28 122.98 4.57 0.4 352
 354 3 4.86 125.17 4.61 0.17 353
 355 3 5.62 129.17 4.61 0.17 354
 356 3 5.81 131.17 4.61 0.23 355
 357 3 6.59 135.27 4.61 0.17 356
 358 3 6.07 139.27 4.61 0.17 357
 359 3 6.9 141.07 4.61 0.345 358
 360 3 6.93 142.77 4.61 0.23 359
 361 3 7.67 145.07 4.61 0.285 360
 362 3 8.44 147.86 4.61 0.17 361
 363 3 8.81 149.66 4.61 0.17 362
 364 3 8.09 154.76 5.03 0.17 363
 365 3 8.33 158.56 5.57 0.17 364
 366 3 8.85 160.76 3.73 0.515 365
 367 3 8.64 163.66 3.73 0.285 366
 368 3 9.79 168.16 3.73 0.23 367
 369 3 11.72 170.36 3.73 0.23 368
 370 3 11.88 172.55 3.73 0.4 369
 371 3 13.07 174.35 3.89 0.285 370
 372 3 14.05 177.25 3.89 0.23 371
 373 3 12.92 181.95 3.89 0.23 372
 374 3 10.62 185.46 3.89 0.23 373
 375 3 9.16 189.56 3.89 0.23 374
 376 3 8.66 192.26 3.89 0.285 375
 377 3 7.64 195.27 3.89 0.17 376
 378 3 7.1 198.07 3.89 0.17 377
 379 3 6.09 201.47 4.11 0.23 378
 380 3 6.04 204.97 4.11 0.23 379
 381 3 5.54 206.77 4.15 0.345 380
 382 3 -8.69 103.02 1.78 0.17 344
 383 3 -10.35 106.32 1.78 0.17 382
 384 3 -11.39 108.72 1.78 0.17 383
 385 3 -12.84 110.93 2.8 0.345 384
 386 3 -14.08 114.33 3.31 0.23 385
 387 3 -16.47 120.94 3.31 0.23 386
 388 3 -19.69 127.55 3.55 0.23 387
 389 3 -20.83 129.85 3.99 0.345 388
 390 3 -24.2 134.86 4.4 0.17 389
 391 3 -26.42 141.86 4.4 0.17 390
 392 3 -26.58 145.16 4.4 0.285 391
 393 3 -26.68 146.26 4.51 0.23 392
 394 3 -27.01 148.07 4.51 0.46 393
 395 3 -27.4 150.67 4.57 0.23 394
 396 3 -28.62 152.37 4.57 0.23 395
 397 3 -31.58 156.28 4.57 0.23 396
 398 3 -32.05 158.78 4.57 0.23 397
 399 3 -32.87 164.08 5.53 0.23 398
 400 3 -33.29 165.78 5.48 0.4 399
 401 3 -33 169.28 5.48 0.17 400
 402 3 -34.33 171.98 5.48 0.285 401
 403 3 -34.76 174.19 5.48 0.17 402
 404 3 -2.13 73.92 1.39 0.23 338
 405 3 -4.39 75.48 3.43 0.17 404
 406 3 -7.32 79.27 3.43 0.17 405
 407 3 -8.53 83.26 3.43 0.17 406
 408 3 -10.33 85.27 3.26 0.17 407
 409 3 -12.84 87.51 2 0.23 408
 410 3 -13.98 89.28 4.28 0.17 409
 411 3 -14.4 92.14 4.28 0.17 410
 412 3 -14.67 95.48 4.32 0.4 411
 413 3 2.75 53.36 1.72 0.23 293
 414 3 2.45 60.58 1.72 0.23 413
 415 3 0.18 69.52 1.72 0.23 414
 416 3 -3.99 83.89 2.06 0.23 415
 417 3 -5.61 90.03 2.91 0.17 416
 418 3 -7.82 99.34 2.06 0.17 417
 419 3 -8.39 104.22 2.06 0.17 418
 420 3 -8.24 107.92 1.44 0.17 419
 421 3 -9.7 109.52 -0.14 0.17 420
 422 3 -6.1 109.61 -0.14 0.17 421
 423 3 -6.88 114.41 -0.14 0.17 422
 424 3 -5.32 116.61 -0.14 0.17 423
 425 3 -4.14 117.81 -1.25 0.285 424
 426 3 -3.7 119.8 -1.25 0.23 425
 427 3 -2.92 120.6 -1.25 0.17 426
 428 3 -1.71 122.3 -1.25 0.17 427
 429 3 -1.39 124.9 -2.04 0.17 428
 430 3 -0.49 128.2 -2.17 0.17 429
 431 3 -0.44 129.3 -2.17 0.285 430
 432 3 -0.41 130.9 -2.17 0.115 431
 433 3 -0.13 134 -2.32 0.17 432
 434 3 -0.76 136.7 -2.32 0.345 433
 435 3 -1.59 138.7 -2.32 0.17 434
 436 3 -3.31 142.8 -2.32 0.17 435
 437 3 -4.07 146.31 -2.32 0.17 436
 438 3 -4.06 148.11 -3.18 0.17 437
 439 3 -3.52 150.3 -3.8 0.69 438
 440 3 -4.3 153.21 -3.8 0.285 439
 441 3 -4.5 156.11 -3.8 0.17 440
 442 3 -4.38 159.11 -3.8 0.17 441
 443 3 -4.76 160.61 -4.55 0.285 442
 444 3 -5.52 162.81 -4.55 0.115 443
 445 3 -6.21 166.11 -4.78 0.23 444
 446 3 -6.43 167.91 -3.36 0.345 445
 447 3 -7.56 170.22 -3.36 0.17 446
 448 3 -8.61 173.92 -3.36 0.17 447
 449 3 -10.58 181.92 -3.86 0.17 448
 450 3 -13.94 183.03 -3.86 0.285 449
 451 3 -15.61 184.54 -3.86 0.17 450
 452 3 -17.12 185.74 -3.86 0.17 451
 453 3 -18.82 186.74 -3.86 0.17 452
 454 3 -21.07 188.75 -3.86 0.17 453
 455 3 -23.41 191.06 -3.93 0.17 454
 456 3 -24.12 192.26 -3.93 0.4 455
 457 3 -25.83 192.06 -3.93 0.23 456
 458 3 -26.66 192.76 -3.93 0.23 457
 459 3 -28.05 193.27 -3.93 0.17 458
 460 3 -28.4 194.67 -3.47 0.345 459
 461 3 -30.89 197.38 -5.4 0.17 460
 462 3 -32.18 201.68 -5.4 0.17 461
 463 3 -32.83 203.88 -5.4 0.17 462
 464 3 -33.53 205.18 -5.4 0.23 463
 465 3 -34.7 207.69 -5.4 0.17 464
 466 3 -35.31 209.69 -5.4 0.17 465
 467 3 -35.5 211.39 -6.03 0.345 466
 468 3 -36.01 213.39 -5.8 0.17 467
 469 3 -36.69 216.99 -5.8 0.17 468
 470 3 -36.93 221.69 -6.84 0.23 469
 471 3 -37.13 225.09 -6.84 0.17 470
 472 3 -37.85 229.69 -5.51 0.23 471
 473 3 -39.4 232.9 -5.51 0.23 472
 474 3 -39.93 234.6 -5.51 0.4 473
 475 3 -40.45 238 -5.51 0.285 474
 476 3 -42.47 241.91 -4.42 0.285 475
 477 3 -42.94 244.51 -4.38 0.285 476
 478 3 -44.38 249.71 -4.38 0.17 477
 479 3 -46.21 255.61 -4.38 0.17 478
 480 3 -46.76 260.32 -4.38 0.17 479
 481 3 -48.29 262.92 -4.38 0.17 480
 482 3 -51.37 266.23 -4.38 0.17 481
 483 3 -51.97 270.13 -5.01 0.285 482
 484 3 -53.38 272.63 -5.3 0.115 483
 485 3 -54.76 274.34 -5.34 0.23 484
 486 3 -55.97 275.94 -5.34 0.23 485
 487 3 -58.52 277.65 -5.34 0.23 486
 488 3 -59.86 278.45 -5.34 0.23 487
 489 3 -61.87 279.76 -5.34 0.17 488
 490 3 -64.17 282.76 -5.86 0.23 489
 491 3 -69.09 285.27 -5.92 0.23 490
 492 3 -72.43 286.88 -5.92 0.23 491
 493 3 -76.91 290.29 -5.92 0.23 492
 494 3 -79.78 292.6 -5.34 0.23 493
 495 3 -83.65 297.71 -5.57 0.23 494
 496 3 -85.79 300.32 -6.09 0.23 495
 497 3 -89.69 306.23 -6.09 0.23 496
 498 3 -92.27 307.73 -6.09 0.345 497
 499 3 -93.89 309.54 -6.09 0.23 498
 500 3 -97.06 310.85 -6.09 0.23 499
 501 3 -98.43 311.95 -6.09 0.23 500
 502 3 -100.18 312.95 -6.09 0.23 501
 503 3 -103.87 314.96 -6.09 0.23 502
 504 3 -106.57 318.57 -5.76 0.23 503
 505 3 -109.36 322.28 -5.76 0.23 504
 506 3 -111.75 326.18 -5.76 0.23 505
 507 3 -113.84 329.89 -5.76 0.23 506
 508 3 -117.53 334.1 -5.76 0.23 507
 509 3 -119.02 337.7 -5.76 0.115 508
 510 3 -121.01 340.51 -5.76 0.23 509
 511 3 -121.51 341.31 -5.76 0.23 510
 512 3 -1.76 19.06 -1.53 0.17 222
 513 3 -3.55 23.53 -2.04 0.17 512
 514 3 -5.43 27.42 -1.14 0.23 513
 515 3 -8.66 30.33 -1.25 0.23 514
 516 3 -12.86 31.65 -1.25 0.23 515
 517 3 -17.07 30.99 -1.25 0.23 516
 518 3 -19.07 32.36 -1.37 0.23 517
 519 3 -20.38 33.77 -1.37 0.23 518
 520 3 -22.68 34.72 -1.37 0.23 519
 521 3 -26.1 36.2 -1.37 0.23 520
 522 3 -28.05 37.24 -1.08 0.285 521
 523 3 -30.48 38.31 -1.08 0.17 522
 524 3 -32.88 39.39 -1.08 0.17 523
 525 3 -34.7 39.75 -1.08 0.17 524
 526 3 -36.47 41.06 -1.08 0.23 525
 527 3 -38.6 43.25 -0.44 0.23 526
 528 3 -40.16 44.13 -0.44 0.23 527
 529 3 -41.6 45.5 -0.52 0.23 528
 530 3 -43.77 47.2 -1.02 0.285 529
 531 3 -45.54 48.51 -1.02 0.17 530
 532 3 -46.99 50.01 -1.02 0.285 531
 533 3 -48.3 52.1 -1.02 0.23 532
 534 3 -50.26 54.42 -1.02 0.23 533
 535 3 -51.79 55.8 -1.02 0.23 534
 536 3 -53.45 57.71 -1.02 0.23 535
 537 3 -55.39 59.93 -1.02 0.23 536
 538 3 -57.74 61.36 -1.02 0.345 537
 539 3 -59.75 62.74 -1.02 0.285 538
 540 3 -61.46 65.58 -1.02 0.17 539
 541 3 -66.28 69.62 -2 0.23 540
 542 3 -69.21 70.35 -1.25 0.23 541
 543 3 -71.37 72.52 -0.85 0.23 542
 544 3 -74.02 74.85 -0.85 0.23 543
 545 3 -76.79 77.13 0.7 0.23 544
 546 3 -78.25 78.75 1.39 0.23 545
 547 3 -78.4 82 1.39 0.23 546
 548 3 -78.61 86.31 1.39 0.23 547
 549 3 -78.09 87.23 1.39 0.285 548
 550 3 -78.74 89.57 1.39 0.17 549
 551 3 -78.11 92.97 1.39 0.17 550
 552 3 -77.49 96.23 1.39 0.17 551
 553 3 -74.81 100.59 0.18 0.17 552
 554 3 -74.16 104.59 0.18 0.17 553
 555 3 -72.36 106.18 0.18 0.17 554
 556 3 -72.75 110.08 0.18 0.285 555
 557 3 -73.58 114.48 -0.44 0.17 556
 558 3 -73.04 117.88 -0.44 0.17 557
 559 3 -73.97 120.29 -0.44 0.17 558
 560 3 -74.34 122.39 -0.44 0.17 559
 561 3 -75.03 124.19 -0.44 0.17 560
 562 3 -74.7 127.89 -2 0.17 561
 563 3 -75.7 131.49 -2 0.17 562
 564 3 -75.67 133.79 -2 0.17 563
 565 3 -76.33 135.49 -2 0.345 564
 566 3 -76.47 138.69 -2 0.17 565
 567 3 -76.37 141.29 -2 0.17 566
 568 3 -76.39 143.89 -2 0.17 567
 569 3 -75.88 145.49 -3.42 0.23 568
 570 3 -75.44 149.39 -2.61 0.115 569
 571 3 -75.62 151.69 -3.93 0.23 570
 572 3 -75.12 153.89 -3.07 0.23 571
 573 3 -73.98 158.79 -3.14 0.17 572
 574 3 -73.77 162.69 -3.14 0.17 573
 575 3 -74.19 166.09 -3.8 0.285 574
 576 3 -74.78 170.59 -3.7 0.115 575
 577 3 -75.67 172.89 -5.05 0.17 576
 578 3 -75.92 176.69 -5.05 0.17 577
 579 3 -76.62 180.39 -5.05 0.17 578
 580 3 -77.07 184.69 -3.24 0.17 579
 581 3 -77.72 191.2 -2.55 0.17 580
 582 3 -79.28 192.7 -3.18 0.23 581
 583 3 -81.63 197.11 -3.18 0.23 582
 584 3 -83.23 200.01 -3.18 0.23 583
 585 3 -84.57 202.11 -3.36 0.23 584
 586 3 -87.61 207.22 -4.9 0.23 585
 587 3 -88.55 210.32 -5.01 0.23 586
 588 3 -91.22 214.63 -5.01 0.23 587
 589 3 -96.53 219.74 -4.84 0.17 588
 590 3 -102.1 226.46 -4.71 0.17 589
 591 3 -101.89 230.26 -5.17 0.17 590
 592 3 -106.08 236.47 -5.46 0.17 591
 593 3 -106.97 240.87 -5.46 0.17 592
 594 3 -109.25 245.28 -6.03 0.17 593
 595 3 -81.26 78.86 1.26 0.23 546
 596 3 -83.12 81.22 1.26 0.23 595
 597 3 -84.97 82.39 1.26 0.23 596
 598 3 -86.96 84.95 1.26 0.23 597
 599 3 -89.57 85.16 1.26 0.23 598
 600 3 -90.54 87.22 1.26 0.23 599
 601 3 -93.3 89.52 1.26 0.23 600
 602 3 -95.92 90.42 3.03 0.23 601
 603 3 -98.28 92.44 3.07 0.23 602
 604 3 -101.44 94.21 3.07 0.23 603
 605 3 -103.94 95.37 2.3 0.23 604
 606 3 -105.34 96.51 2.3 0.285 605
 607 3 -108.83 98.21 2.3 0.23 606
 608 3 -109.83 100.1 2.3 0.23 607
 609 3 -111.42 101.98 2.3 0.23 608
 610 3 -112.62 102.79 2.25 0.23 609
 611 3 -113.62 103.39 3.26 0.23 610
 612 3 -113.81 105.09 3.31 0.23 611
 613 3 -114.61 106.19 2.91 0.23 612
 614 3 -116.61 108.5 2.91 0.23 613
 615 3 -119.91 107.8 2.91 0.23 614
 616 3 -123.01 108.91 1.44 0.23 615
 617 3 -124 110.41 1.96 0.23 616
 618 3 -125.8 109.62 3.78 0.23 617
 619 3 -127.4 110.52 3.78 0.23 618
 620 3 -128.3 112.73 3.78 0.23 619
 621 3 -130.99 113.03 3.78 0.23 620
 622 3 -132.19 114.94 4.11 0.23 621
 623 3 -133.58 116.94 4.15 0.23 622
 624 3 -134.68 118.84 4.67 0.23 623
 625 3 -136.77 121.75 4.73 0.23 624
 626 3 -139.87 123.26 4.73 0.23 625
 627 3 -142.47 124.46 4.73 0.23 626
 628 3 -145.15 129.77 4.73 0.23 627
 629 3 -146.84 132.97 5.65 0.17 628
 630 3 -148.22 140.48 4.51 0.17 629
 631 3 -146.92 143.17 3.95 0.17 630
 632 3 -148.3 148.88 3.95 0.17 631
 633 3 -147.39 153.27 3.95 0.17 632
 634 3 -146.39 153.47 3.95 0.285 633
 635 3 -143.49 153.66 3.95 0.115 634
 636 3 -142.4 151.46 2.51 0.17 635
 637 3 -140.69 152.96 2.51 0.17 636
 638 3 -139.49 153.65 3.59 0.285 637
 639 3 -141.18 157.46 3.21 0.17 638
 640 3 -142.57 163.36 3.21 0.17 639
 641 3 -142.16 166.16 1.78 0.17 640
 642 3 -0.1 -4.73 1.29 0.805 1
 643 3 0 -9.65 1.29 0.515 642
 644 3 -2.37 -13.13 1.29 0.515 643
 645 3 -2.8 -13.65 1.29 0.515 644
 646 3 -3.88 -16.35 1.29 0.515 645
 647 3 -3.79 -18.65 1.25 0.46 646
 648 3 -2.5 -19.81 1.25 0.515 647
 649 3 -1.68 -22.36 1.59 0.345 648
 650 3 -0.89 -27.25 1.59 0.345 649
 651 3 -0.92 -32.67 0 0.345 650
 652 3 -0.55 -34.53 -0.37 0.285 651
 653 3 -3.3 -34.83 -0.2 0.23 652
 654 3 -3.86 -39.28 0.11 0.285 653
 655 3 -4.67 -40.48 0.11 0.23 654
 656 3 -5.9 -41.52 0.11 0.23 655
 657 3 -6.65 -44.96 0.11 0.23 656
 658 3 -7.78 -47.62 -1 0.4 657
 659 3 -9.82 -51.05 -1.5 0.285 658
 660 3 -11.83 -52.14 -4.8 0.23 659
 661 3 -15.12 -54.62 -5.82 0.23 660
 662 3 -17.39 -55.52 -2.24 0.345 661
 663 3 -19.81 -54.44 0.4 0.23 662
 664 3 -22.85 -55.73 0.4 0.23 663
 665 3 -26.98 -57.32 -0.37 0.23 664
 666 3 -28.08 -60.8 -0.6 0.23 665
 667 3 -29.1 -63.46 0.86 0.285 666
 668 3 -31.34 -66.45 0.23 0.23 667
 669 3 -35.95 -69.78 0.23 0.23 668
 670 3 -40.94 -70.61 0.23 0.23 669
 671 3 -43.21 -71.6 0.23 0.23 670
 672 3 -46.16 -73.92 -1.5 0.23 671
 673 3 -50.2 -76.09 0.5 0.23 672
 674 3 -53.37 -78.44 0.57 0.23 673
 675 3 -55.66 -80.28 1.64 0.23 674
 676 3 -57.46 -80.03 1.64 0.23 675
 677 3 -62.75 -81.01 1.64 0.23 676
 678 3 -66.64 -81.39 2.55 0.345 677
 679 3 -69.35 -82.61 2.55 0.23 678
 680 3 -72.17 -83.13 2.55 0.23 679
 681 3 -73.55 -84.45 2.55 0.345 680
 682 3 -74.65 -87.24 2.55 0.23 681
 683 3 -75.2 -91.22 2.55 0.23 682
 684 3 -74.64 -96.04 3.97 0.23 683
 685 3 -74.75 -102.39 4.01 0.23 684
 686 3 -75.15 -105.89 4.01 0.345 685
 687 3 -77.38 -107.69 4.01 0.285 686
 688 3 -79.19 -108.48 5.26 0.4 687
 689 3 -80.79 -108.78 5.34 0.23 688
 690 3 -82.57 -109.27 5.73 0.4 689
 691 3 -83.54 -112.17 6.07 0.285 690
 692 3 -86.53 -116.06 6.13 0.17 691
 693 3 -89.79 -118.65 4.65 0.23 692
 694 3 -18.71 -61.19 -0.47 0.23 662
 695 3 -17.77 -68.15 -0.47 0.23 694
 696 3 -17.3 -76.87 -0.47 0.23 695
 697 3 -18.88 -84.67 -1.28 0.23 696
 698 3 -21.35 -89.68 1.29 0.23 697
 699 3 -21.72 -92.68 0.79 0.345 698
 700 3 -23.5 -95.72 0.79 0.23 699
 701 3 -23.29 -99.33 0.79 0.23 700
 702 3 -24.05 -102.72 0.79 0.23 701
 703 3 -24.21 -105.62 0.79 0.345 702
 704 3 -26.07 -108.72 0.79 0.23 703
 705 3 -27.91 -113.31 0.79 0.23 704
 706 3 -29.56 -115.71 2.4 0.23 705
 707 3 -30.57 -117.81 2.44 0.345 706
 708 3 -33.35 -119.8 1.09 0.285 707
 709 3 -36.16 -119.79 2.03 0.285 708
 710 3 -38.61 -120.49 2.03 0.285 709
 711 3 -41.16 -121.08 2.03 0.285 710
 712 3 -43.63 -120.97 0.89 0.23 711
 713 3 -45.18 -120.87 2.32 0.345 712
 714 3 -47.83 -121.56 1.75 0.23 713
 715 3 -49.79 -123.06 2 0.345 714
 716 3 -52.41 -125.25 2.17 0.23 715
 717 3 -54.89 -125.74 2.17 0.23 716
 718 3 -56.9 -128.14 0.33 0.23 717
 719 3 -59.79 -129.53 0.79 0.4 718
 720 3 -61.7 -129.83 1.8 0.23 719
 721 3 -64.51 -132.32 1.8 0.23 720
 722 3 -65.11 -137.82 1.8 0.23 721
 723 3 -67.59 -141.41 1.8 0.23 722
 724 3 -69.55 -144.11 1.8 0.23 723
 725 3 -71.77 -147.8 1.8 0.23 724
 726 3 -72.41 -151.3 2.44 0.23 725
 727 3 -72.42 -153.2 1.8 0.345 726
 728 3 -73.76 -157.2 1.87 0.17 727
 729 3 -74.23 -158.39 2.44 0.345 728
 730 3 -75.56 -159.39 2.44 0.23 729
 731 3 -79.19 -161.88 2.44 0.23 730
 732 3 -80.68 -163.28 2.44 0.4 731
 733 3 -83.23 -165.77 2.44 0.285 732
 734 3 -85.15 -168.07 2.44 0.285 733
 735 3 -85.47 -171.87 3 0.285 734
 736 3 -85.45 -175.17 3.93 0.23 735
 737 3 -86.22 -179.16 3.93 0.23 736
 738 3 -87.45 -181.66 3.57 0.23 737
 739 3 -87.63 -185.66 4.71 0.23 738
 740 3 -89.07 -189.26 4.71 0.23 739
 741 3 -8.71 -52.5 -5.15 0.23 659
 742 3 -8.03 -56.82 -5.15 0.23 741
 743 3 -6.28 -58.02 -5.15 0.4 742
 744 3 -4.87 -60.58 -5.15 0.17 743
 745 3 -2.78 -65.45 -5.15 0.17 744
 746 3 0.47 -69.32 -5.15 0.17 745
 747 3 2.52 -72.8 -5.15 0.17 746
 748 3 5.43 -76.47 -5.15 0.17 747
 749 3 6.31 -79.27 -5.15 0.17 748
 750 3 6.75 -81.65 -5.15 0.345 749
 751 3 7.26 -84.37 -5.15 0.23 750
 752 3 7.88 -89.64 -5.15 0.23 751
 753 3 8.46 -94.58 -4.92 0.23 752
 754 3 7.16 -98.81 -3.83 0.23 753
 755 3 7.09 -102.81 -2.86 0.4 754
 756 3 6.99 -105.41 -2.86 0.23 755
 757 3 7.89 -112.72 -2.75 0.23 756
 758 3 6.15 -117.11 -2.64 0.23 757
 759 3 6.24 -121.91 -2.48 0.23 758
 760 3 5.65 -125.71 -0.55 0.23 759
 761 3 6.75 -130.91 -0.47 0.23 760
 762 3 -5.07 -14.65 1.4 0.17 645
 763 3 -6.72 -15.8 -0.75 0.17 762
 764 3 -10.01 -15.69 0.28 0.17 763
 765 3 -11.77 -20.02 1.09 0.17 764
 766 3 -16.11 -22.36 -0.44 0.17 765
 767 3 -19.27 -27.4 -0.44 0.17 766
 768 3 -19.66 -29.59 -0.44 0.17 767
 769 3 -22.26 -33.83 -0.44 0.17 768
 770 3 -23.35 -35.45 -0.83 0.17 769
 771 3 -21.87 -37.16 -3.02 0.17 770
 772 3 -22.55 -41.63 -3.39 0.17 771
 773 3 -24.45 -47.02 -4.07 0.17 772
 774 3 -25.66 -50.64 -4.46 0.17 773
 775 3 -27.65 -50.54 -5.09 0.285 774
 776 3 -29.82 -50.14 -4.86 0.285 775
 777 3 -34.09 -50.47 -4.86 0.285 776
 778 3 -36.34 -49.61 -7.94 0.17 777
 779 3 -40.16 -49.13 -8.05 0.17 778
 780 3 -42.16 -51.63 -7.71 0.17 779
 781 3 -47.28 -51.65 -7.71 0.17 780
 782 3 -48.08 -54.51 -7.71 0.17 781
 783 3 -49.99 -54.87 -7.71 0.17 782
 784 3 -52.32 -56.13 -9.11 0.17 783
 785 3 -54.19 -56.13 -9.11 0.17 784
 786 3 -55.66 -58.17 -9.11 0.17 785
 787 3 -57.93 -58 -9.11 0.17 786
 788 3 -60.1 -61.92 -9.92 0.17 787
 789 3 -62.21 -60.68 -10.96 0.17 788
 790 3 -62.29 -57.06 -10.96 0.17 789
 791 3 -64.19 -58.11 -9.28 0.17 790
 792 3 -65.41 -56.01 -11.01 0.17 791
 793 3 -69.47 -53.02 -11.06 0.17 792
 794 3 -73.09 -48.65 -11.75 0.17 793
 795 3 -76.05 -44.73 -12.02 0.17 794
 796 3 -79.43 -41.62 -14.71 0.17 795
 797 3 -80.94 -39.2 -14.3 0.17 796
 798 3 -86.89 -37.97 -14.3 0.17 797
 799 3 -92.97 -36.06 -15.63 0.17 798
 800 3 -95.64 -34.92 -15.63 0.285 799
 801 3 -97.95 -34.3 -15.63 0.17 800
 802 3 -101.09 -34.87 -15.63 0.17 801
 803 3 -101.08 -31.34 -18.04 0.17 802
 804 3 -102.37 -30.66 -18.04 0.17 803
 805 3 -103.18 -32.93 -18.04 0.17 804
 806 3 -106.08 -32.52 -18.62 0.17 805
 807 3 -107.68 -33.53 -20.37 0.17 806
 808 3 -109.98 -32.43 -20.37 0.17 807
 809 3 -112.87 -29.22 -20.37 0.17 808
 810 3 -114.77 -30.17 -21.12 0.17 809
 811 3 -116.57 -28.98 -21.36 0.17 810
 812 3 -121.36 -25.89 -21.36 0.17 811
 813 3 -124.85 -22.56 -21.43 0.17 812
 814 3 -127.25 -22.54 -22.61 0.17 813
 815 3 -129.76 -23.35 -22.61 0.17 814
 816 3 -132.35 -20.56 -25.11 0.17 815
 817 3 -134.03 -15.01 -25.18 0.17 816
 818 3 -137.22 -8.45 -24.64 0.17 817
 819 3 -138.81 -3.97 -27.27 0.17 818
 820 3 -141.97 4.3 -27.61 0.17 819
 821 3 -145.67 7.37 -27.44 0.17 820
 822 3 -149.46 10.54 -27.44 0.17 821
 823 3 -153.56 7.99 -28.12 0.17 822
 824 3 -27.37 -52.95 -10.14 0.285 775
 825 3 -24.21 -51.17 -10.43 0.23 824
 826 3 -23.45 -49.63 -12.47 0.23 825
 827 3 -24.42 -49.46 -14.38 0.23 826
 828 3 -20.62 -47.93 -13.3 0.23 827
 829 3 -19.98 -51.9 -13.05 0.23 828
 830 3 -18.82 -48.77 -15.14 0.23 829
 831 3 -23.4 -47.98 -16.18 0.23 830
 832 3 -28.12 -44.65 -16.18 0.23 831
 833 3 -30.53 -44.28 -17.2 0.23 832
 834 3 -32.17 -44.22 -20.2 0.345 833
 835 3 -30.77 -42.33 -20.86 0.23 834
 836 3 -31.61 -38.48 -21.77 0.23 835
 837 3 -32.3 -36.62 -21.87 0.23 836
 838 3 -31.89 -33.27 -21.87 0.23 837
 839 3 -31.09 -31.95 -21.87 0.23 838
 840 3 -29.68 -31.91 -22.37 0.23 839
 841 3 -24.86 -31.48 -23.39 0.23 840
 842 3 -22.33 -31.95 -23.75 0.17 841
 843 3 -20.47 -34.29 -23.86 0.17 842
 844 3 -18.46 -32.64 -25.2 0.17 843
 845 3 -17.79 -28.75 -25.28 0.23 844
 846 3 -16.26 -27.52 -26.45 0.17 845
 847 3 -15.29 -24.66 -27.03 0.17 846
 848 3 -14.81 -20.92 -28.25 0.17 847
 849 3 -13.54 -19.04 -28.25 0.17 848
 850 3 -13.3 -16.42 -28.28 0.17 849
 851 3 -15.6 -10.41 -28.52 0.17 850
 852 3 -16.51 -7.43 -28.52 0.17 851
 853 3 -16.21 -5.95 -28.52 0.17 852
 854 3 -17.32 -4.98 -28.52 0.17 853
 855 3 -14.3 -3.01 -30.52 0.23 854
 856 3 -15.65 -0.81 -31.02 0.17 855
 857 3 -16.67 3.42 -31.02 0.17 856
 858 3 -19.55 6.98 -31.02 0.17 857
 859 3 -19.4 13 -31.02 0.17 858
 860 3 -19.33 17.21 -31.79 0.17 859
 861 2 0.19 -4.16 1.49 0.18 1
 862 2 1.93 -5.63 -0.86 0.145 861
 863 2 1.92 -5.98 -0.86 0.145 862
 864 2 2.65 -8.64 0.68 0.145 863
 865 2 2.78 -8.54 0.83 0.145 864
 866 2 5.99 -13.4 0.37 0.145 865
 867 2 8.1 -18.1 0.37 0.145 866
 868 2 8.95 -22.29 -1.09 0.07 867
 869 2 8.95 -22.29 -0.5 0.07 868
 870 2 7.55 -24.61 -0.15 0.035 869
 871 2 7.35 -27.08 -0.15 0.035 870
 872 2 6.38 -29.47 1.74 0.035 871
 873 2 5.49 -35.25 1.74 0.035 872
 874 2 5.06 -39.59 -0.75 0.035 873
 875 2 5 -43.59 -0.54 0.035 874
 876 2 5 -43.59 0.1 0.035 875
 877 2 6 -47.38 1.27 0.035 876
 878 2 6 -47.38 1.7 0.035 877
 879 2 6.8 -52.03 2.45 0.035 878
 880 2 6.8 -52.03 1.77 0.035 879
 881 2 5.86 -55.21 0.6 0.035 880
 882 2 6.24 -59.94 0.6 0.035 881
 883 2 5.01 -62.89 0 0.035 882
 884 2 5.04 -63.05 0 0.035 883
 885 2 4.58 -66.89 0 0.035 884
 886 2 4.54 -67.05 0 0.035 885
 887 2 4.06 -74 0 0.035 886
 888 2 4.91 -78.78 -0.58 0.035 887
 889 2 4.76 -78.88 -0.58 0.035 888
 890 2 4.73 -79.04 -0.58 0.035 889
 891 2 3.47 -84.57 -0.58 0.035 890
 892 2 4.46 -89.04 -0.58 0.035 891
 893 2 4.12 -89.17 -0.58 0.035 892
 894 2 1.66 -91.85 -0.58 0.035 893
 895 2 0.77 -94.82 -1.77 0.035 894
 896 2 0.36 -97.01 -1.77 0.035 895
 897 2 -1.1 -99.69 -1.66 0.035 896
 898 2 -0.04 -100.79 -1.66 0.035 897
 899 2 -0.01 -101.29 -1.66 0.035 898
 900 2 -0.24 -101.59 -1.66 0.035 899
 901 2 -0.05 -106.59 -1.66 0.035 900
 902 2 0.11 -109.49 -2.88 0.035 901
 903 2 0.32 -109.9 -2.88 0.035 902
 904 2 3.68 -116 -2.88 0.035 903
 905 2 4.2 -117.41 -1.25 0.035 904
 906 2 3.83 -121.21 -0.99 0.035 905
 907 2 3.83 -121.21 -1.19 0.035 906
 908 2 2.72 -123.2 -3.82 0.035 907
 909 2 1.51 -125.8 -3.13 0.035 908
 910 2 0.47 -126.6 -3.36 0.035 909
 911 2 -0.35 -127.29 -4.07 0.035 910
 912 2 -0.7 -129.18 -4.19 0.035 911
 913 2 -0.7 -129.18 -4.73 0.035 912
 914 2 -1.03 -131.38 -7.76 0.035 913
 915 2 -1.03 -131.38 -7.51 0.035 914
 916 2 -3.82 -131.78 -5.73 0.035 915
 917 2 -6.02 -135.87 -5.73 0.035 916
 918 2 -7.74 -139.27 -8.43 0.035 917
 919 2 -8.89 -141.66 -10.39 0.035 918
 920 2 -8.89 -141.66 -10.56 0.035 919
 921 2 -9.82 -143.76 -5.32 0.035 920
 922 2 -9.73 -144.26 -5.63 0.035 921
 923 2 -9.86 -144.76 -5.63 0.035 922
 924 2 -12.75 -147.85 -8.18 0.035 923
 925 2 -12.72 -148.05 -8.18 0.035 924
 926 2 -13.55 -149.45 -8.18 0.035 925
 927 2 -17.09 -150.14 -7.67 0.035 926
 928 2 -17.09 -150.14 -7.82 0.035 927
 929 2 -19.43 -149.74 -3.94 0.035 928
 930 2 -19.43 -149.74 -3.51 0.035 929
 931 2 -22.88 -149.43 -2.83 0.035 930
 932 2 -23.02 -149.53 -3.18 0.035 931
 933 2 -18.8 -149.94 -3.57 0.035 932
 934 2 -18.67 -149.84 -3.57 0.035 933
 935 2 -18.65 -149.94 -3.26 0.035 934
 936 2 -18.09 -150.24 -3.26 0.035 935
 937 2 -17.34 -151.94 -1.13 0.035 936
 938 2 -5.46 -156.97 -2.42 0.035 937
 939 2 -5.46 -156.97 -2.83 0.035 938
 940 2 -1.14 -163.18 -4.11 0.035 939
 941 2 2.18 -165.4 -3.26 0.035 940
 942 2 2.18 -165.4 -2.83 0.035 941
 943 2 5.17 -168.51 -1.53 0.035 942
 944 2 5.32 -168.51 -1.13 0.035 943
 945 2 5.42 -168.61 -1.13 0.035 944
 946 2 9.14 -171.62 -0.75 0.035 945
 947 2 14.93 -173.33 -2.02 0.035 946
 948 2 14.93 -173.33 -2.42 0.035 947
 949 2 21.92 -175.25 -3.24 0.035 948
 950 2 24.68 -176.26 -3.08 0.035 949
 951 2 24.75 -176.26 -2.24 0.035 950
 952 2 26.32 -174.16 -3.74 0.035 951
 953 2 26.51 -173.96 -3.86 0.035 952
 954 2 28.02 -171.47 -3.86 0.035 953
 955 2 28.17 -171.17 -3.86 0.035 954
 956 2 28.28 -170.87 -3.86 0.035 955
 957 2 28.62 -166.77 -3.86 0.035 956
 958 2 27.39 -163.77 -3.86 0.035 957
 959 2 27.13 -163.57 -3.86 0.035 958
 960 2 27.08 -163.37 -3.86 0.035 959
 961 2 24.79 -160.86 -4.76 0.035 960
 962 2 24.76 -160.76 -5.07 0.035 961
 963 2 20.2 -160.05 -6.26 0.035 962
 964 2 20 -160.05 -6.26 0.035 963
 965 2 15.55 -162.74 -6.32 0.035 964
 966 2 15.34 -162.84 -6.32 0.035 965
 967 2 15.22 -162.93 -6.32 0.035 966
 968 2 12.4 -163.63 -6.26 0.035 967
 969 2 7.22 -164.31 -4.07 0.035 968
 970 2 7.19 -164.21 -3.57 0.035 969
 971 2 2.1 -158.7 -8.27 0.035 970
 972 2 0.19 -156.7 -8.32 0.035 971
 973 2 -0.03 -155.4 -8.64 0.035 972
 974 2 -0.38 -153.09 -9.52 0.035 973
 975 2 -0.43 -152.89 -9.93 0.035 974
 976 2 -3.77 -148.28 -10.27 0.035 975
 977 2 -3.85 -147.88 -10.27 0.035 976
 978 2 -4.02 -147.78 -10.27 0.035 977
 979 2 -4.74 -145.87 -10.56 0.035 978
 980 2 -4.97 -145.87 -10.56 0.035 979
 981 2 -5.63 -145.97 -10.56 0.035 980
 982 2 -9.4 -146.16 -11.52 0.035 981
 983 2 -9.65 -146.06 -11.56 0.035 982
 984 2 -11.79 -143.66 -11.56 0.035 983
 985 2 -12.92 -141.15 -12.06 0.035 984
 986 2 -12.92 -141.15 -12.93 0.035 985
 987 2 -16.97 -136.34 -15.18 0.035 986
 988 2 -17.01 -136.14 -15.47 0.035 987
 989 2 -21.28 -131.83 -15.56 0.035 988
 990 2 -21.25 -131.63 -16.04 0.035 989
 991 2 -23.67 -128.22 -17.34 0.035 990
 992 2 -23.79 -127.92 -17.59 0.035 991
 993 2 -23.9 -127.72 -17.59 0.035 992
 994 2 -24.08 -127.52 -17.59 0.035 993
 995 2 -24.8 -126.82 -17.62 0.035 994
 996 2 -28.13 -122.41 -17.62 0.035 995
 997 2 -30.92 -119.51 -17.62 0.035 996
 998 2 -31.91 -116.6 -18.79 0.035 997
 999 2 -32.16 -116.4 -19.37 0.035 998
 1000 2 -32.77 -116.2 -19.37 0.035 999
 1001 2 -36.43 -114.79 -19.47 0.035 1000
 1002 2 -36.62 -114.69 -20.04 0.035 1001
 1003 2 -37.06 -114.59 -20.04 0.035 1002
 1004 2 -39.36 -112.58 -21.59 0.035 1003
 1005 2 -39.46 -112.08 -21.59 0.035 1004
 1006 2 -40.64 -108.98 -21.62 0.035 1005
 1007 2 -40.69 -108.58 -21.62 0.035 1006
 1008 2 -41.04 -108.28 -21.62 0.035 1007
 1009 2 -41.19 -107.98 -21.62 0.035 1008
 1010 2 -45.11 -103.47 -21.62 0.035 1009
 1011 2 -50.8 -100.95 -23.62 0.035 1010
 1012 2 -50.65 -100.55 -23.97 0.035 1011
 1013 2 -50.78 -97.15 -25.79 0.035 1012
 1014 2 -50.9 -96.82 -26.04 0.035 1013
 1015 2 -51.18 -96.57 -26.04 0.035 1014
 1016 2 -53.06 -95.15 -26.47 0.035 1015
 1017 2 -53.06 -95.15 -27.19 0.035 1016
 1018 2 -55.15 -93.47 -29.37 0.035 1017
 1019 2 -55.4 -93.38 -29.79 0.035 1018
 1020 2 -57.64 -91.52 -30.84 0.035 1019
 1021 2 -57.64 -91.52 -31.44 0.035 1020
 1022 2 -65.7 -84.34 -32.13 0.035 1021
 1023 2 -72.17 -81.2 -35.38 0.035 1022
 1024 2 -72.33 -81.07 -35.38 0.035 1023
 1025 2 -72.59 -80.91 -35.79 0.035 1024
 1026 2 -72.78 -80.65 -35.79 0.035 1025
 1027 2 -78.2 -76.57 -36.95 0.035 1026
 1028 2 -78.2 -76.57 -37.38 0.035 1027
 1029 2 -79.26 -74.11 -38.99 0.035 1028
 1030 2 -79.26 -74.11 -39.49 0.035 1029
 1031 2 -84.69 -72.26 -40.74 0.035 1030
 1032 2 -85.07 -72.11 -41.79 0.035 1031
 1033 2 -85.44 -72.1 -41.79 0.035 1032
 1034 2 -90.4 -70.82 -42.13 0.035 1033
 1035 2 -96.67 -73.02 -43.04 0.035 1034
 1036 2 -96.71 -73.11 -43.54 0.035 1035
 1037 2 -96.78 -73.21 -43.54 0.035 1036
 1038 2 -106.69 -75.19 -45.04 0.035 1037
 1039 2 -106.69 -75.19 -45.49 0.035 1038
 1040 2 -119.19 -75.84 -47.24 0.035 1039
 1041 2 -119.19 -75.84 -47.74 0.035 1040
 1042 2 -127.89 -77.25 -48.74 0.035 1041
 1043 2 -135.4 -79.68 -51.74 0.035 1042
 1044 2 -135.4 -79.68 -52.49 0.035 1043
 1045 2 -140.1 -78.48 -53.38 0.035 1044
 1046 2 -140.1 -78.48 -53.04 0.035 1045
 1047 2 -149.98 -73.46 -52.79 0.035 1046
 1048 2 -157.87 -67.94 -52.79 0.035 1047
 1049 2 -157.87 -67.8 -52.79 0.035 1048
 1050 2 -163.47 -66.5 -52.79 0.035 1049
 1051 2 -173.47 -67.04 -52.13 0.035 1050
 1052 2 -173.47 -67.04 -51.84 0.035 1051
 1053 2 -178.97 -69.09 -50.49 0.035 1052
 1054 2 -178.97 -69.09 -49.99 0.035 1053
 1055 2 -185.27 -66.52 -48.79 0.035 1054
 1056 2 -185.47 -66.33 -48.79 0.035 1055
 1057 2 -192.47 -66.91 -48.79 0.035 1056
 1058 2 -192.67 -66.94 -48.79 0.035 1057
 1059 2 -199.67 -67.09 -48.79 0.035 1058
 1060 2 -205.27 -66.49 -45.59 0.035 1059
 1061 2 -205.47 -66.53 -45.04 0.035 1060
 1062 2 -211.08 -70.68 -44.09 0.035 1061
 1063 2 -211.38 -70.87 -43.63 0.035 1062
 1064 2 -215.08 -73.42 -42.2 0.035 1063
 1065 2 -215.18 -73.5 -42.2 0.035 1064
 1066 2 -215.19 -73.66 -42.2 0.035 1065
 1067 2 -215.29 -73.97 -41.7 0.035 1066
 1068 2 -215.79 -74.59 -41.7 0.035 1067
 1069 2 -216.49 -75.07 -41.7 0.035 1068
 1070 2 -216.89 -75.38 -41.7 0.035 1069
 1071 2 -217.69 -76.41 -40.74 0.035 1070
 1072 2 -217.69 -76.48 -40.34 0.035 1071
 1073 2 -217.79 -76.73 -39.84 0.035 1072
 1074 2 -217.89 -76.81 -39.84 0.035 1073
 1075 2 -221.39 -74.94 -38.06 0.055 1074
 1076 2 -221.69 -74.89 -38.34 0.055 1075
 1077 2 -228.69 -75.5 -39.81 0.055 1076
 1078 2 -229.19 -75.59 -40.15 0.055 1077
 1079 2 -234.3 -77.48 -41.47 0.055 1078
 1080 2 -234.8 -77.67 -41.63 0.055 1079
 1081 2 -238.5 -79.66 -37.77 0.055 1080
 1082 2 -240.3 -80.01 -37.77 0.055 1081
 1083 2 -250.7 -80.65 -37.72 0.055 1082
 1084 2 -250.7 -80.65 -38.34 0.055 1083
 1085 2 -262.4 -78.17 -41.24 0.055 1084
 1086 2 -262.6 -78.08 -41.24 0.055 1085
 1087 2 -262.8 -78.01 -41.24 0.055 1086
 1088 2 -271.3 -78.07 -40.61 0.055 1087
 1089 2 -271.3 -78.07 -40.22 0.055 1088
 1090 2 -278.29 -76.94 -40.84 0.055 1089
 1091 2 -278.29 -76.94 -41.34 0.055 1090
 1092 2 -286.18 -72.79 -41.63 0.055 1091
 1093 2 -286.68 -72.77 -41.7 0.055 1092
 1094 2 -294.68 -70.98 -40.9 0.055 1093
 1095 2 -295.18 -71.06 -40.49 0.055 1094
 1096 2 -297.39 -74.88 -38.56 0.055 1095
 1097 2 -297.59 -75.03 -38.11 0.055 1096
 1098 2 -297.99 -75.35 -38.11 0.055 1097
 1099 2 -305.29 -75.66 -41.58 0.055 1098
 1100 2 12.51 -162.33 -9.97 0.035 968
 1101 2 12.62 -162.03 -9.97 0.035 1100
 1102 2 13.11 -160.33 -11.22 0.035 1101
 1103 2 13.11 -160.33 -11.77 0.035 1102
 1104 2 10.98 -163.12 -14.56 0.035 1103
 1105 2 5.75 -163.61 -15.31 0.035 1104
 1106 2 5.37 -165.81 -16.63 0.035 1105
 1107 2 5.41 -166.11 -16.97 0.035 1106
 1108 2 30.55 -178.87 -1.87 0.035 951
 1109 2 36.02 -179.19 2.08 0.035 1108
 1110 2 36.02 -179.19 2.39 0.035 1109
 1111 2 46.04 -178.31 2.49 0.035 1110
 1112 2 50.59 -179.83 2.49 0.035 1111
 1113 2 50.59 -179.83 2.99 0.035 1112
 1114 2 54.32 -181.54 5.53 0.035 1113
 1115 2 54.35 -181.74 5.53 0.035 1114
 1116 2 59.48 -183.65 5.59 0.035 1115
 1117 2 59.48 -183.65 5.28 0.035 1116
 1118 2 62.04 -188.56 3.4 0.035 1117
 1119 2 61.99 -188.76 3.4 0.035 1118
 1120 2 66.04 -192.27 6.15 0.035 1119
 1121 2 70.72 -197.28 6.19 0.035 1120
 1122 2 73.91 -201.19 6.34 0.035 1121
 1123 2 73.91 -201.19 6.75 0.035 1122
 1124 2 76.03 -205.49 8.32 0.035 1123
 1125 2 76.06 -205.69 8.32 0.035 1124
 1126 2 84.89 -211.41 8.39 0.035 1125
 1127 2 87.08 -215.82 8.18 0.035 1126
 1128 2 91.81 -219.83 8.25 0.035 1127
 1129 2 92.02 -219.83 8.25 0.035 1128
 1130 2 95.72 -216.64 9.02 0.035 1129
 1131 2 95.72 -216.64 9.68 0.035 1130
 1132 2 99.62 -220.05 10.25 0.035 1131
 1133 2 99.51 -221.85 10.31 0.035 1132
 1134 2 -15.66 -153.15 -8.18 0.035 926
 1135 2 -18.9 -155.94 -9.18 0.035 1134
 1136 2 -23.68 -161.12 -9.18 0.035 1135
 1137 2 -26.74 -165.82 -11.56 0.035 1136
 1138 2 -26.74 -165.82 -12.14 0.035 1137
 1139 2 -32.94 -171.2 -12.18 0.035 1138
 1140 2 -33.09 -171.2 -12.18 0.035 1139
 1141 2 -33.3 -171.2 -12.18 0.035 1140
 1142 2 -36.83 -176.39 -12.18 0.035 1141
 1143 2 -36.72 -176.89 -12.18 0.035 1142
 1144 2 -36.96 -177.29 -12.18 0.035 1143
 1145 2 -42.49 -181.18 -12.18 0.035 1144
 1146 2 -49.87 -186.26 -14.39 0.035 1145
 1147 2 -49.87 -186.26 -15.22 0.035 1146
 1148 2 -54.68 -188.44 -16.81 0.035 1147
 1149 2 -54.68 -188.44 -17.34 0.035 1148
 1150 2 -57.55 -190.94 -17.69 0.035 1149
 1151 2 -58.32 -196.24 -21.94 0.035 1150
 1152 2 -58.32 -196.24 -22.19 0.035 1151
 1153 2 -57.49 -202.74 -22.44 0.035 1152
 1154 2 -59.35 -210.03 -24.94 0.035 1153
 1155 2 -59.35 -210.03 -25.19 0.035 1154
 1156 2 -60.26 -214.63 -25.22 0.035 1155
 1157 2 -60.45 -215.03 -25.22 0.035 1156
 1158 2 -61.03 -216.03 -25.22 0.035 1157
 1159 2 -61.15 -224.43 -27.84 0.035 1158
 1160 2 -61.15 -224.43 -28.22 0.035 1159
 1161 2 -64.56 -231.02 -31.87 0.035 1160
 1162 2 -64.56 -231.02 -32.34 0.035 1161
 1163 2 -66.45 -238.71 -34.54 0.035 1162
 1164 2 -66.45 -238.71 -35.13 0.035 1163
 1165 2 -67.96 -243.91 -38.7 0.035 1164
 1166 2 -67.96 -243.91 -39.49 0.035 1165
 1167 2 -68.12 -248.01 -39.88 0.055 1166
 1168 2 -68.12 -248.01 -39.52 0.055 1167
 1169 2 -66.83 -248.81 -43.4 0.055 1168
 1170 2 -66.83 -248.81 -43.84 0.055 1169
 1171 2 -67.5 -252.01 -49.09 0.055 1170
 1172 2 -67.58 -251.51 -52.15 0.055 1171
 1173 2 -67.23 -252.51 -52.15 0.055 1172
 1174 2 -67.73 -256.01 -51.02 0.055 1173
 1175 2 -68.96 -258.21 -51.52 0.055 1174
 1176 2 -68.96 -258.21 -52.04 0.055 1175
 1177 2 -72.89 -262.1 -52.49 0.055 1176
 1178 2 -73.01 -262.1 -52.49 0.055 1177
 1179 2 -78.31 -266.88 -51.06 0.055 1178
 1180 2 -78.31 -266.88 -50.65 0.055 1179
 1181 2 -86.44 -270.06 -50.9 0.055 1180
 1182 2 -91.29 -280.35 -50.9 0.055 1181
 1183 2 -96.44 -286.44 -50.9 0.055 1182
 1184 2 -96.53 -286.54 -50.9 0.055 1183
 1185 2 -104.45 -294.22 -50.52 0.055 1184
 1186 2 -104.55 -294.42 -49.99 0.055 1185
 1187 2 -114.07 -299.69 -49.99 0.055 1186
 1188 2 -122.38 -303.07 -50.9 0.055 1187
 1189 2 -132.69 -308.94 -49.49 0.055 1188
 1190 2 -132.69 -308.94 -48.56 0.055 1189
 1191 2 -142.9 -314.52 -50.52 0.055 1190
 1192 2 -143.41 -314.62 -50.95 0.055 1191
 1193 2 -156.12 -320.08 -50.79 0.055 1192
 1194 2 -156.92 -320.18 -49.77 0.055 1193
 1195 2 -165.23 -324.66 -48.4 0.055 1194
 1196 2 -166.13 -325.06 -48.4 0.055 1195
 1197 2 -172.15 -331.14 -48.4 0.055 1196
 1198 2 -177.97 -338.53 -48.4 0.055 1197
 1199 2 -178.37 -338.93 -48.4 0.055 1198
 1200 2 -65.39 -256.02 -52.38 0.055 1174
 1201 2 -65.34 -256.22 -52.84 0.055 1200
 1202 2 -64 -261.62 -53.45 0.055 1201
 1203 2 -64 -261.62 -53.58 0.055 1202
 1204 2 -58.16 -268.54 -54.59 0.055 1203
 1205 2 -58.08 -268.94 -54.59 0.055 1204
 1206 2 -53.61 -274.65 -56.36 0.055 1205
 1207 2 -53.61 -274.65 -56.9 0.055 1206
 1208 2 -48.23 -275.36 -61.99 0.055 1207
 1209 2 -43.36 -275.27 -61.99 0.055 1208
 1210 2 -30.04 -272.81 -63.9 0.055 1209
 1211 2 -30.04 -272.81 -64.3 0.055 1210
 1212 2 -29.36 -275.81 -66.25 0.055 1211
 1213 2 -29.36 -275.81 -66.36 0.055 1212
 1214 2 -29.32 -280.31 -66.36 0.055 1213
 1215 2 -29.22 -280.91 -66.01 0.055 1214
 1216 2 -25.07 -288.12 -64.26 0.055 1215
 1217 2 -15.22 -293.15 -66.62 0.055 1216
 1218 2 -15 -293.15 -66.62 0.055 1217
 1219 2 -14.91 -293.55 -66.62 0.055 1218
 1220 2 -14.54 -293.75 -66.62 0.055 1219
 1221 2 -11.74 -298.06 -66.62 0.055 1220
 1222 2 -9.76 -300.56 -67.05 0.055 1221
 1223 2 -4.15 -303.08 -66.01 0.055 1222
 1224 2 -4.15 -303.08 -66.47 0.055 1223
 1225 2 -2.19 -307.98 -68.36 0.055 1224
 1226 2 -2.17 -308.08 -68.47 0.055 1225
 1227 2 1.05 -312.3 -68.51 0.055 1226
 1228 2 -7.78 -308.47 -69.3 0.055 1227
 1229 2 -14.72 -310.55 -70.62 0.055 1228
 1230 2 -14.83 -310.55 -70.93 0.055 1229
 1231 2 -22.63 -314.53 -72.37 0.055 1230
 1232 2 -22.63 -314.53 -72.91 0.055 1231
 1233 2 -66.96 -246.81 -49.65 0.055 1170
 1234 2 -66.96 -246.81 -49.99 0.055 1233
 1235 2 -70.64 -240.8 -50.06 0.055 1234
 1236 2 -73.45 -238 -50.06 0.055 1235
 1237 2 -73.63 -237 -50.15 0.055 1236
 1238 2 -80.57 -226.78 -50.15 0.055 1237
 1239 2 -89.02 -221.66 -51.4 0.055 1238
 1240 2 -89.1 -221.26 -51.4 0.055 1239
 1241 2 -93.09 -218.05 -52.38 0.055 1240
 1242 2 -93.09 -218.05 -53.02 0.055 1241
 1243 2 -97.99 -211.13 -54.65 0.055 1242
 1244 2 -98.14 -210.33 -55.06 0.055 1243
 1245 2 -98.56 -205.63 -55.06 0.055 1244
 1246 2 -102.02 -205.02 -57.74 0.055 1245
 1247 2 -102.22 -204.62 -57.74 0.055 1246
 1248 2 -103.32 -203.92 -57.65 0.055 1247
 1249 2 -106.91 -199.61 -57.56 0.055 1248
 1250 2 -107.01 -199.01 -57.56 0.055 1249
 1251 2 -107.71 -198.51 -57.56 0.055 1250
 1252 2 -114.09 -192.89 -57.04 0.055 1251
 1253 2 -118.09 -190.98 -59.38 0.055 1252
 1254 2 -118.09 -190.88 -59.49 0.055 1253
 1255 2 -124.37 -183.27 -59.49 0.055 1254
 1256 2 -124.37 -182.87 -59.77 0.055 1255
 1257 2 -128.35 -177.76 -61.13 0.055 1256
 1258 2 -128.35 -177.76 -61.59 0.055 1257
 1259 2 -131.44 -173.75 -61.88 0.055 1258
 1260 2 -132.54 -171.24 -58.7 0.055 1259
 1261 2 -133.04 -171.14 -58.7 0.055 1260
 1262 2 -134.24 -171.04 -58.7 0.055 1261
 1263 2 -138.23 -170.03 -58.86 0.055 1262
 1264 2 -138.43 -169.93 -59.49 0.055 1263
 1265 2 -138.83 -169.63 -59.49 0.055 1264
 1266 2 -141.72 -166.62 -60.34 0.055 1265
 1267 2 -141.72 -166.32 -61.36 0.055 1266
 1268 2 -142.02 -166.12 -61.36 0.055 1267
 1269 2 -144.92 -163.31 -62.22 0.055 1268
 1270 2 -144.92 -163.21 -63.15 0.055 1269
 1271 2 -148.12 -163.3 -63.7 0.055 1270
 1272 2 -148.62 -163.5 -63.7 0.055 1271
 1273 2 -148.92 -163.6 -63.7 0.055 1272
 1274 2 -92.08 -202.85 -58.24 0.055 1245
 1275 2 -92.08 -202.85 -57.61 0.055 1274
 1276 2 -79.08 -194.38 -57.56 0.055 1275
 1277 2 -73.55 -190.8 -58.63 0.055 1276
 1278 2 -73.55 -190.8 -59.02 0.055 1277
 1279 2 -66.6 -189.31 -60.24 0.055 1278
 1280 2 -66.6 -189.31 -60.65 0.055 1279
 1281 2 -53.63 -181.25 -61.24 0.055 1280
 1282 2 -53.76 -180.55 -61.24 0.055 1281
 1283 2 -50.39 -172.36 -62.27 0.055 1282
 1284 2 -50.39 -172.36 -62.74 0.055 1283
 1285 2 -49.37 -173.46 -64.66 0.055 1284
 1286 2 -49.52 -173.96 -64.87 0.055 1285
 1287 2 -47.79 -177.46 -64.94 0.055 1286
 1288 2 -47.73 -177.76 -64.94 0.055 1287
 1289 2 -45.84 -178.67 -64.94 0.055 1288
 1290 2 6.2 -128.01 -6.63 0.035 913
 1291 2 6.27 -128.01 -6.48 0.035 1290
 1292 2 11.01 -125.32 -3.82 0.035 1291
 1293 2 11.08 -125.32 -3.26 0.035 1292
 1294 2 16.39 -123.74 0.23 0.035 1293
 1295 2 20.33 -121.95 0.23 0.035 1294
 1296 2 21.58 -120.05 0.3 0.035 1295
 1297 2 24.77 -117.06 -1.33 0.035 1296
 1298 2 27.1 -117.67 2.58 0.035 1297
 1299 2 27.29 -117.47 2.64 0.035 1298
 1300 2 27.49 -117.37 2.64 0.035 1299
 1301 2 30.83 -115.47 2.64 0.035 1300
 1302 2 32.22 -115.88 2.64 0.035 1301
 1303 2 32.38 -115.88 2.45 0.035 1302
 1304 2 34.7 -115.28 2.24 0.035 1303
 1305 2 34.68 -115.18 1.49 0.035 1304
 1306 2 34.35 -112.68 0.3 0.035 1305
 1307 2 34.35 -112.68 0 0.035 1306
 1308 2 35.69 -112.69 -0.34 0.035 1307
 1309 2 35.69 -112.69 0.1 0.035 1308
 1310 2 37.62 -113.59 4.44 0.035 1309
 1311 2 37.76 -113.59 4.44 0.035 1310
 1312 2 39.7 -112.9 4.44 0.035 1311
 1313 2 40.54 -110.7 4.15 0.035 1312
 1314 2 40.54 -110.7 3.52 0.035 1313
 1315 2 41.66 -109.6 5.98 0.035 1314
 1316 2 42.08 -109.5 6.44 0.035 1315
 1317 2 44.83 -109.31 6.48 0.035 1316
 1318 2 44.92 -109.31 7.19 0.035 1317
 1319 2 47.37 -108.12 8.57 0.035 1318
 1320 2 48 -107.62 8.64 0.035 1319
 1321 2 50.91 -105.03 5.73 0.035 1320
 1322 2 49.21 -102.62 5.69 0.035 1321
 1323 2 49.32 -102.52 5.69 0.035 1322
 1324 2 49.56 -102.22 5.69 0.035 1323
 1325 2 51.46 -100.43 6.48 0.035 1324
 1326 2 51.46 -100.43 6.94 0.035 1325
 1327 2 24.65 -121.06 0.23 0.035 1295
 1328 2 24.65 -121.06 0.34 0.035 1327
 1329 2 27.77 -123.07 2.14 0.035 1328
 1330 2 27.38 -128.47 -2.18 0.035 1329
 1331 2 27.43 -128.77 -2.18 0.035 1330
 1332 2 29.4 -132.27 -2.18 0.035 1331
 1333 2 29.22 -135.57 -5.51 0.035 1332
 1334 2 29.26 -136.37 -4.94 0.035 1333
 1335 2 29.26 -136.37 -5.13 0.035 1334
 1336 2 27.15 -135.27 -9.56 0.035 1335
 1337 2 24.92 -134.36 -7.82 0.035 1336
 1338 2 24.98 -134.26 -6.92 0.035 1337
 1339 2 20.42 -132.45 -6.48 0.035 1338
 1340 2 20.39 -132.35 -6.48 0.035 1339
 1341 2 20.01 -132.15 -6.48 0.035 1340
 1342 2 19.74 -131.95 -6.48 0.035 1341
 1343 2 16.04 -129.94 -5.82 0.035 1342
 1344 2 15.94 -129.74 -5.42 0.035 1343
 1345 2 11.6 -127.43 -3.99 0.035 1344
 1346 2 8.8 -125.12 -5.23 0.035 1345
 1347 2 8.8 -125.12 -5.82 0.035 1346
 1348 2 6.92 -123.71 -8.39 0.035 1347
 1349 2 6.98 -123.71 -8.68 0.035 1348
 1350 2 8.6 -122.82 -10.43 0.035 1349
 1351 2 8.6 -122.82 -10.93 0.035 1350
 1352 2 8.28 -121.12 -12.22 0.035 1351
 1353 2 8.32 -120.92 -12.39 0.035 1352
 1354 2 9.61 -123.12 -15.39 0.035 1353
 1355 2 9.61 -123.12 -15.89 0.035 1354
 1356 2 11.33 -126.02 -17.44 0.035 1355
 1357 2 11.26 -126.02 -18.22 0.035 1356
 1358 2 15.07 -133.73 -20.37 0.035 1357
 1359 2 18.57 -135.54 -22.97 0.035 1358
 1360 2 18.57 -135.54 -23.09 0.035 1359
 1361 2 20.94 -139.05 -23.12 0.035 1360
 1362 2 21.03 -139.25 -23.12 0.035 1361
 1363 2 22.1 -144.15 -24.44 0.035 1362
 1364 2 22 -144.35 -24.87 0.035 1363
 1365 2 23.74 -148.96 -25.29 0.035 1364
 1366 2 22.89 -154.25 -25.12 0.035 1365
 1367 2 22.89 -154.25 -24.72 0.035 1366
 1368 2 22.44 -158.25 -26.44 0.035 1367
 1369 2 22.44 -158.25 -26.84 0.035 1368
 1370 2 22.36 -164.15 -28.69 0.035 1369
 1371 2 22.45 -164.25 -28.54 0.035 1370
 1372 2 22.6 -164.95 -28.54 0.035 1371
 1373 2 21.5 -170.55 -26.34 0.035 1372
 1374 2 21.57 -170.95 -26.04 0.035 1373
 1375 2 23.85 -175.96 -26.04 0.035 1374
 1376 2 25.34 -180.86 -27.29 0.035 1375
 1377 2 25.37 -180.96 -27.79 0.035 1376
 1378 2 25.21 -184.86 -28.97 0.035 1377
 1379 2 25.21 -184.86 -29.37 0.035 1378
 1380 2 20.35 -188.05 -30.79 0.035 1379
 1381 2 20.31 -188.15 -31.09 0.035 1380
 1382 2 20.01 -188.95 -31.09 0.035 1381
 1383 2 15.8 -194.44 -31.79 0.035 1382
 1384 2 15.84 -194.74 -31.79 0.035 1383
 1385 2 15.23 -196.53 -33.95 0.035 1384
 1386 2 14.96 -196.73 -34.34 0.035 1385
 1387 2 14.39 -201.43 -35.84 0.035 1386
 1388 2 14.47 -201.83 -36.29 0.035 1387
 1389 2 15.86 -207.74 -37.2 0.035 1388
 1390 2 15.89 -207.84 -37.2 0.035 1389
 1391 2 17.23 -211.14 -38.34 0.035 1390
 1392 2 17.23 -211.14 -38.59 0.035 1391
 1393 2 19.98 -217.75 -41.99 0.035 1392
 1394 2 22.78 -222.85 -42.45 0.035 1393
 1395 2 24.76 -229.06 -44.54 0.035 1394
 1396 2 24.76 -229.06 -44.99 0.035 1395
 1397 2 25.86 -236.86 -44.99 0.055 1396
 1398 2 26.12 -237.66 -44.99 0.055 1397
 1399 2 25.99 -245.06 -44.99 0.055 1398
 1400 2 25.91 -245.26 -44.99 0.055 1399
 1401 2 25.33 -245.86 -44.99 0.055 1400
 1402 2 23.05 -256.16 -44.99 0.055 1401
 1403 2 23.12 -256.66 -45.56 0.055 1402
 1404 2 19.35 -262.55 -45.84 0.055 1403
 1405 2 19.13 -262.65 -45.84 0.055 1404
 1406 2 18.51 -263.64 -45.84 0.055 1405
 1407 2 18.02 -264.24 -45.84 0.055 1406
 1408 2 10.82 -268.22 -44.13 0.055 1407
 1409 2 10.82 -268.22 -43.56 0.055 1408
 1410 2 12.51 -287.13 -45.56 0.055 1409
 1411 2 14.6 -299.63 -43.9 0.055 1410
 1412 2 13.96 -307.43 -43.9 0.055 1411
 1413 2 14 -307.63 -43.9 0.055 1412
 1414 2 13.38 -309.23 -43.9 0.055 1413
 1415 2 15.86 -325.64 -43.9 0.055 1414
 1416 2 15.75 -325.64 -43.9 0.055 1415
 1417 2 13.8 -337.63 -47.49 0.055 1416
 1418 2 13.7 -337.63 -47.49 0.055 1417
 1419 2 11.11 -346.32 -47.04 0.055 1418
 1420 2 11.04 -346.52 -46.52 0.055 1419
 1421 2 11.09 -347.32 -46.52 0.055 1420
 1422 2 10.75 -348.72 -46.52 0.055 1421
 1423 2 15.46 -352.04 -44.65 0.055 1422
 1424 2 15.81 -352.04 -44.65 0.055 1423
 1425 2 22.13 -361.15 -47.15 0.055 1424
 1426 2 22.35 -361.15 -47.45 0.055 1425
 1427 2 22.95 -361.86 -47.45 0.055 1426
 1428 2 23.2 -362.56 -47.45 0.055 1427
 1429 2 23.53 -363.06 -47.45 0.055 1428
 1430 2 27.88 -370.77 -47.65 0.055 1429
 1431 2 48.4 -375.62 -43.56 0.055 1430
 1432 2 48.53 -375.62 -44.02 0.055 1431
 1433 2 28.94 -140.87 -6.88 0.035 1335
 1434 2 28.94 -140.87 -7.26 0.035 1433
 1435 2 30.42 -144.07 -9.03 0.035 1434
 1436 2 6.75 -117.61 -1.77 0.035 905
 1437 2 9.61 -118.72 -1.13 0.035 1436
 1438 2 9.72 -118.92 -1.09 0.035 1437
 1439 2 11.52 -119.93 0.99 0.035 1438
 1440 2 11.66 -119.83 1.63 0.035 1439
 1441 2 14.14 -118.93 -0.94 0.035 1440
 1442 2 14.14 -118.93 -1.19 0.035 1441
 1443 2 17.41 -119.94 -1.19 0.035 1442
 1444 2 19.19 -116.84 -0.8 0.035 1443
 1445 2 19.33 -116.75 -0.05 0.035 1444
 1446 2 22.89 -113.75 0.99 0.035 1445
 1447 2 23.02 -113.65 1.02 0.035 1446
 1448 2 28.55 -110.87 1.02 0.035 1447
 1449 2 28.55 -110.87 0.55 0.035 1448
 1450 2 31.4 -109.98 0.05 0.035 1449
 1451 2 37.9 -106.79 0.1 0.035 1450
 1452 2 37.74 -106.89 0.1 0.035 1451
 1453 2 42.84 -104.81 -1.77 0.035 1452
 1454 2 45.82 -102.51 -1.25 0.035 1453
 1455 2 52.34 -101.23 -1.25 0.035 1454
 1456 2 52.8 -100.83 -1.04 0.035 1455
 1457 2 54.92 -98.06 -0.15 0.035 1456
 1458 2 54.92 -98.06 0.43 0.035 1457
 1459 2 57.43 -92.49 -0.25 0.035 1458
 1460 2 60.22 -89.76 -2.52 0.035 1459
 1461 2 60.4 -89.5 -2.52 0.035 1460
 1462 2 64.21 -86.21 -1.62 0.035 1461
 1463 2 64.21 -86.21 -1.09 0.035 1462
 1464 2 68.71 -84.25 -0.5 0.035 1463
 1465 2 73.58 -83.12 -2.24 0.035 1464
 1466 2 73.58 -83.12 -2.42 0.035 1465
 1467 2 76.93 -78.15 -1.13 0.035 1466
 1468 2 77.94 -77.49 -1.99 0.035 1467
 1469 2 78.3 -77.42 -1.99 0.035 1468
 1470 2 81.32 -78.26 -1.99 0.035 1469
 1471 2 81.32 -78.26 -2.33 0.035 1470
 1472 2 84.48 -75.47 -4.32 0.035 1471
 1473 2 84.53 -75.37 -4.36 0.035 1472
 1474 2 86.08 -72.58 -2.83 0.035 1473
 1475 2 86.2 -72.49 -2.38 0.035 1474
 1476 2 89.52 -70.09 -1.77 0.035 1475
 1477 2 89.66 -70.01 -1.77 0.035 1476
 1478 2 90.21 -69.82 -1.77 0.035 1477
 1479 2 96.18 -65.9 -1.77 0.035 1478
 1480 2 96.25 -65.81 -1.77 0.035 1479
 1481 2 99.53 -62.53 -1.77 0.035 1480
 1482 2 99.55 -62.31 -1.77 0.035 1481
 1483 2 101.63 -61.19 -0.69 0.035 1482
 1484 2 105.24 -58.17 -4.19 0.035 1483
 1485 2 105.54 -57.8 -4.19 0.035 1484
 1486 2 108.54 -55.48 -4.19 0.035 1485
 1487 2 111.95 -52.77 -4.19 0.035 1486
 1488 2 116.15 -51.03 -5.07 0.035 1487
 1489 2 116.25 -50.79 -5.42 0.035 1488
 1490 2 117.76 -48.67 -1.49 0.035 1489
 1491 2 119.17 -46.2 0.55 0.035 1490
 1492 2 119.17 -46.04 0.62 0.035 1491
 1493 2 119.37 -45.56 0.62 0.035 1492
 1494 2 122.88 -40.99 0.62 0.035 1493
 1495 2 122.88 -40.99 0.18 0.035 1494
 1496 2 125.48 -40.44 -0.99 0.035 1495
 1497 2 125.48 -40.43 -1.37 0.035 1496
 1498 2 131.49 -36.51 -3.36 0.035 1497
 1499 2 134.49 -36.54 -4.01 0.035 1498
 1500 2 136.5 -34.84 -5.07 0.035 1499
 1501 2 136.6 -34.74 -5.13 0.035 1500
 1502 2 141 -33.25 -5.13 0.035 1501
 1503 2 141.6 -33.14 -5.13 0.035 1502
 1504 2 147.51 -30.78 -5.13 0.035 1503
 1505 2 147.71 -30.75 -5.13 0.035 1504
 1506 2 147.91 -30.57 -5.13 0.035 1505
 1507 2 152.21 -29.08 -2.02 0.035 1506
 1508 2 152.41 -28.99 -2.02 0.035 1507
 1509 2 162.72 -24.84 -2.02 0.035 1508
 1510 2 167.23 -23.05 -4.44 0.035 1509
 1511 2 167.43 -22.94 -4.44 0.035 1510
 1512 2 171.13 -23.33 -2.99 0.035 1511
 1513 2 175.93 -20.97 -2.99 0.035 1512
 1514 2 176.03 -20.94 -2.99 0.035 1513
 1515 2 180.04 -18.87 -2.42 0.035 1514
 1516 2 180.14 -18.93 -2.42 0.035 1515
 1517 2 187.34 -16.7 -2.42 0.035 1516
 1518 2 191.44 -16.81 -4.48 0.035 1517
 1519 2 191.64 -16.54 -4.48 0.035 1518
 1520 2 192.14 -16.31 -4.48 0.035 1519
 1521 2 197.95 -13.22 -4.48 0.035 1520
 1522 2 201.26 -10.85 -4.36 0.035 1521
 1523 2 201.56 -10.8 -4.44 0.035 1522
 1524 2 208.17 -7.28 -3.94 0.035 1523
 1525 2 208.37 -7.24 -3.51 0.035 1524
 1526 2 215.27 -5.15 -1.44 0.035 1525
 1527 2 216.98 -3.13 -3.57 0.035 1526
 1528 2 220.78 -2.35 -4.57 0.035 1527
 1529 2 220.78 -2.35 -4.76 0.035 1528
 1530 2 227 1.31 -4.76 0.035 1529
 1531 2 227.3 1.42 -4.76 0.035 1530
 1532 2 231.71 4.39 -3.94 0.035 1531
 1533 2 231.61 4.24 -3.57 0.035 1532
 1534 2 234.71 5.68 -2.18 0.035 1533
 1535 2 236.61 6.78 -5.57 0.035 1534
 1536 2 238.82 7.86 -2.38 0.035 1535
 1537 2 242.92 11.29 -3.01 0.035 1536
 1538 2 245.22 11.26 -4.48 0.035 1537
 1539 2 245.32 11.21 -4.48 0.035 1538
 1540 2 249.13 13.55 -2.18 0.035 1539
 1541 2 252.24 15.32 -2.99 0.035 1540
 1542 2 252.24 15.32 -3.18 0.035 1541
 1543 2 256.54 18.68 -4.07 0.035 1542
 1544 2 256.64 18.78 -4.07 0.035 1543
 1545 2 261.05 21.74 -4.07 0.035 1544
 1546 2 266.57 26.85 -2.77 0.035 1545
 1547 2 268.77 27.17 -2.77 0.035 1546
 1548 2 268.67 27.08 -2.77 0.035 1547
 1549 2 272.67 28.64 -1.19 0.035 1548
 1550 2 272.87 28.68 -1.19 0.035 1549
 1551 2 274.67 30.57 -1.62 0.035 1550
 1552 2 274.67 30.57 -2.02 0.035 1551
 1553 2 277.68 33.64 -1.82 0.035 1552
 1554 2 280.39 35.53 -4.23 0.035 1553
 1555 2 284.3 38.83 -4.26 0.035 1554
 1556 2 286.6 39.88 -5.42 0.035 1555
 1557 2 289.61 43.82 -1.19 0.035 1556
 1558 2 293.02 47.04 -1.37 0.035 1557
 1559 2 293.02 47.04 -1.87 0.035 1558
 1560 2 295.83 50.88 -2.24 0.035 1559
 1561 2 300.93 53.32 -2.24 0.035 1560
 1562 2 301.03 53.11 -2.27 0.035 1561
 1563 2 302.83 52.57 -3.26 0.035 1562
 1564 2 304.54 54.29 -4.23 0.035 1563
 1565 2 304.64 54.37 -4.69 0.035 1564
 1566 2 307.04 56.97 -5.19 0.035 1565
 1567 2 307.24 57.15 -5.32 0.035 1566
 1568 2 312.35 61.35 -5.38 0.035 1567
 1569 2 316.36 65.06 -4.73 0.035 1568
 1570 2 320.27 69.25 -4.51 0.035 1569
 1571 2 320.47 69.29 -4.11 0.035 1570
 1572 2 325.88 72.87 -3.01 0.035 1571
 1573 2 331.19 74.31 -2.42 0.035 1572
 1574 2 331.19 74.31 -1.57 0.035 1573
 1575 2 333.99 75.27 -1.53 0.035 1574
 1576 2 338 78.18 -4.76 0.035 1575
 1577 2 341.7 77.32 -4.76 0.035 1576
 1578 2 348.9 79.71 -4.76 0.035 1577
 1579 2 354.6 80.77 -3.61 0.035 1578
 1580 2 354.8 80.8 -2.77 0.035 1579
 1581 2 360.71 82.43 -2.42 0.035 1580
 1582 2 362.91 83.27 -2.42 0.035 1581
 1583 2 367.52 85.84 -0.25 0.035 1582
 1584 2 367.52 85.84 -0.58 0.035 1583
 1585 2 371.12 85.62 -2.58 0.035 1584
 1586 2 375.22 86.68 -1.53 0.035 1585
 1587 2 375.22 86.68 -1.13 0.035 1586
 1588 2 377.92 87.63 -0.64 0.035 1587
 1589 2 380.53 89.16 -0.64 0.035 1588
 1590 2 381.03 89.25 -0.86 0.035 1589
 1591 2 386.53 89.91 -1.73 0.035 1590
 1592 2 386.53 89.83 -2.52 0.035 1591
 1593 2 391.43 90.47 -3.08 0.035 1592
 1594 2 391.43 90.32 -3.08 0.035 1593
 1595 2 395.23 89.63 -0.18 0.035 1594
 1596 2 395.33 89.2 -0.15 0.035 1595
 1597 2 398.43 88.98 -0.15 0.035 1596
 1598 2 398.82 88.76 -0.15 0.035 1597
 1599 2 401.53 89.12 -0.15 0.035 1598
 1600 2 401.83 89.55 -0.15 0.035 1599
 1601 2 402.63 90.05 -0.15 0.035 1600
 1602 2 406.23 92.34 0.55 0.035 1601
 1603 2 406.23 92.34 0.3 0.035 1602
 1604 2 409.23 92.1 -0.34 0.035 1603
 1605 2 409.43 91.98 -0.34 0.035 1604
 1606 2 409.63 92.01 -0.34 0.035 1605
 1607 2 413.94 94.89 -0.34 0.035 1606
 1608 2 418.04 94.87 0.23 0.035 1607
 1609 2 418.04 94.87 0.6 0.035 1608
 1610 2 421.95 97.31 1.02 0.035 1609
 1611 2 422.55 97.42 1.02 0.035 1610
 1612 2 429.55 99.58 1.02 0.035 1611
 1613 2 435.36 101.26 3.19 0.035 1612
 1614 2 435.96 101.36 3.65 0.035 1613
 1615 2 441.47 104.55 3.69 0.035 1614
 1616 2 441.67 104.65 3.69 0.035 1615
 1617 2 446.88 108.74 3.69 0.035 1616
 1618 2 455.98 111.61 3.77 0.035 1617
 1619 2 455.98 111.61 4.23 0.035 1618
 1620 2 461.79 113.8 4.34 0.035 1619
 1621 2 466.99 113.58 4.48 0.035 1620
 1622 2 468.59 114.78 2.49 0.035 1621
 1623 2 468.89 114.88 2.49 0.035 1622
 1624 2 473.6 116.47 2.52 0.035 1623
 1625 2 473.6 116.37 2.99 0.035 1624
 1626 2 479.31 120.15 4.65 0.035 1625
 1627 2 480.11 120.25 4.65 0.035 1626
 1628 2 486.01 121.33 4.53 0.035 1627
 1629 2 486.01 121.33 4.15 0.035 1628
 1630 2 490.61 122.72 4.09 0.035 1629
 1631 2 493.22 126.12 4.69 0.035 1630
 1632 2 493.82 126.41 4.69 0.035 1631
 1633 2 501.53 128.09 4.69 0.035 1632
 1634 2 502.43 128.99 3.77 0.035 1633
 1635 2 504.83 130.99 3.99 0.035 1634
 1636 2 504.93 131.09 3.99 0.035 1635
 1637 2 509.74 134.77 3.83 0.035 1636
 1638 2 514.45 136.96 1.52 0.035 1637
 1639 2 514.65 137.06 1.52 0.035 1638
 1640 2 515.15 137.16 1.52 0.035 1639
 1641 2 519.26 140.95 5.78 0.035 1640
 1642 2 529.37 143.92 5.84 0.035 1641
 1643 2 529.57 144.02 5.84 0.035 1642
 1644 2 534.67 144.51 5.84 0.035 1643
 1645 2 540.68 148.09 5.98 0.035 1644
 1646 2 540.88 148.19 5.98 0.035 1645
 1647 2 546.69 151.38 6.03 0.035 1646
 1648 2 551.79 153.17 7.03 0.035 1647
 1649 2 558.4 157.25 8.28 0.035 1648
 1650 2 558.5 157.25 8.28 0.035 1649
 1651 2 564.91 161.23 8.28 0.035 1650
 1652 2 567.71 161.62 5.34 0.035 1651
 1653 2 507.82 125.38 5.03 0.035 1634
 1654 2 507.82 125.38 5.23 0.035 1653
 1655 2 510.41 121.27 5.28 0.035 1654
 1656 2 510.41 121.07 5.28 0.035 1655
 1657 2 514.2 117.46 5.15 0.035 1656
 1658 2 514.2 117.26 4.65 0.035 1657
 1659 2 514.9 116.06 3.15 0.035 1658
 1660 2 514.9 116.06 3.52 0.035 1659
 1661 2 519 118.25 2.77 0.035 1660
 1662 2 519.1 118.05 2.64 0.035 1661
 1663 2 519.4 117.95 2.64 0.035 1662
 1664 2 523.4 116.74 2.64 0.035 1663
 1665 2 523.6 116.74 2.64 0.035 1664
 1666 2 524.3 116.64 2.64 0.035 1665
 1667 2 532.2 116.52 2.64 0.035 1666
 1668 2 532.5 116.31 2.64 0.035 1667
 1669 2 537.79 115.7 2.64 0.035 1668
 1670 2 537.79 115.5 2.64 0.035 1669
 1671 2 541.29 114.29 2.64 0.035 1670
 1672 2 545 115.88 2.52 0.035 1671
 1673 2 545.1 115.98 1.99 0.035 1672
 1674 2 547.89 114.98 0.18 0.035 1673
 1675 2 548.19 114.87 -0.18 0.035 1674
 1676 2 553.09 114.46 -2.38 0.035 1675
 1677 2 553.09 114.46 -2.74 0.035 1676
 1678 2 556.29 113.35 -3.74 0.035 1677
 1679 2 556.39 112.55 -3.74 0.035 1678
 1680 2 559.08 110.85 -3.74 0.035 1679
 1681 2 518.49 113.65 3.33 0.035 1660
 1682 2 522.48 111.24 3.24 0.035 1681
 1683 2 522.48 111.24 3.08 0.035 1682
 1684 2 528.47 107.13 6.4 0.035 1683
 1685 2 528.37 107.03 6.4 0.035 1684
 1686 2 531.27 104.92 6.4 0.035 1685
 1687 2 530.36 101.02 6.23 0.035 1686
 1688 2 530.55 100.02 5.48 0.035 1687
 1689 2 533.75 96.97 5.34 0.035 1688
 1690 2 533.75 96.97 5.73 0.035 1689
 1691 2 536.03 92.51 9.98 0.035 1690
 1692 2 536.03 92.51 10.5 0.035 1691
 1693 2 364 79.2 -2.42 0.035 1582
 1694 2 363.48 73.2 -4.11 0.035 1693
 1695 2 363.48 73.2 -4.26 0.035 1694
 1696 2 361.77 69.28 -8.07 0.035 1695
 1697 2 361.77 69.28 -8.27 0.035 1696
 1698 2 362.57 67.8 -9.68 0.035 1697
 1699 2 362.87 67.86 -9.68 0.035 1698
 1700 2 364.37 65.7 -14.18 0.035 1699
 1701 2 334.4 79.04 -3.13 0.035 1575
 1702 2 334.4 79.04 -2.77 0.035 1701
 1703 2 331.91 83.75 -1.92 0.035 1702
 1704 2 331.91 83.75 -2.27 0.035 1703
 1705 2 336.53 89.91 -4.48 0.035 1704
 1706 2 339.43 92.44 -7.07 0.035 1705
 1707 2 339.43 92.44 -7.23 0.035 1706
 1708 2 304.03 50.59 -3.76 0.035 1563
 1709 2 306.82 48.09 -4.01 0.035 1708
 1710 2 309.81 44.37 -4.01 0.035 1709
 1711 2 311.21 42.62 -3.32 0.035 1710
 1712 2 307.63 51.04 -4.26 0.035 1708
 1713 2 307.63 51.04 -4.57 0.035 1712
 1714 2 310.52 49.81 -4.82 0.035 1713
 1715 2 310.82 49.57 -4.82 0.035 1714
 1716 2 313.42 48.51 -4.44 0.035 1715
 1717 2 313.42 48.51 -3.86 0.035 1716
 1718 2 315.41 46.15 -2.83 0.035 1717
 1719 2 315.51 45.86 -2.83 0.035 1718
 1720 2 277.97 27.58 -4.48 0.035 1552
 1721 2 278.17 27.62 -4.48 0.035 1720
 1722 2 279.97 26.83 -4.48 0.035 1721
 1723 2 269.46 23.63 -2.88 0.035 1548
 1724 2 269.56 23.71 -3.24 0.035 1723
 1725 2 270.95 19.63 -4.57 0.035 1724
 1726 2 270.95 19.63 -4.76 0.035 1725
 1727 2 233.93 13.67 -5.98 0.035 1535
 1728 2 233.13 11.53 0.49 0.035 1727
 1729 2 234.32 9.02 -0.86 0.035 1728
 1730 2 234.22 8.99 -1.25 0.035 1729
 1731 2 234.22 8.78 -1.25 0.035 1730
 1732 2 234.22 8.68 -1.25 0.035 1731
 1733 2 237.19 1.07 0.55 0.035 1732
 1734 2 234.87 -5.62 -0.31 0.035 1733
 1735 2 234.56 -9.95 -2.74 0.035 1734
 1736 2 234.46 -10.13 -2.24 0.035 1735
 1737 2 230.85 -13.75 -0.99 0.035 1736
 1738 2 230.75 -13.84 -0.54 0.035 1737
 1739 2 226.84 -19 0.34 0.035 1738
 1740 2 226.83 -20.76 0.34 0.035 1739
 1741 2 222.83 -21.15 0.1 0.035 1740
 1742 2 222.43 -21.36 0.1 0.035 1741
 1743 2 220.53 -23.28 -1.92 0.035 1742
 1744 2 218.62 -24.14 2.52 0.035 1743
 1745 2 212.22 -24.17 2.58 0.035 1744
 1746 2 211.92 -24.22 2.99 0.035 1745
 1747 2 206.12 -25.66 3.69 0.035 1746
 1748 2 205.71 -28.39 3.74 0.035 1747
 1749 2 205.41 -28.66 3.74 0.035 1748
 1750 2 204.21 -29.27 3.74 0.035 1749
 1751 2 202.11 -28.5 2.74 0.035 1750
 1752 2 202.11 -28.32 2.24 0.035 1751
 1753 2 202.11 -28.13 2.24 0.035 1752
 1754 2 198.42 -24.98 1.02 0.035 1753
 1755 2 199.83 -22.8 4.44 0.035 1754
 1756 2 199.73 -22.66 4.44 0.035 1755
 1757 2 198.24 -16.22 4.48 0.035 1756
 1758 2 198.14 -16.18 4.48 0.035 1757
 1759 2 197.84 -15.85 4.48 0.035 1758
 1760 2 197.15 -15.25 4.48 0.035 1759
 1761 2 193.75 -13.16 4.48 0.035 1760
 1762 2 193.25 -12.66 4.48 0.035 1761
 1763 2 189.56 -8.42 4.48 0.035 1762
 1764 2 191.57 -4.56 5.98 0.035 1763
 1765 2 191.67 -4.49 6.09 0.035 1764
 1766 2 191.77 -4.39 6.09 0.035 1765
 1767 2 192.68 -2.52 7.65 0.035 1766
 1768 2 193.18 -3.39 7.78 0.035 1767
 1769 2 193.68 -4.02 7.78 0.035 1768
 1770 2 194.87 -5.29 7.82 0.035 1769
 1771 2 195.17 -5.01 7.82 0.035 1770
 1772 2 196.48 -1.97 7.4 0.035 1771
 1773 2 196.28 -1.85 7 0.035 1772
 1774 2 195.88 -1.56 7 0.035 1773
 1775 2 194.38 -1.09 5.59 0.035 1774
 1776 2 194.38 -1.09 5.19 0.035 1775
 1777 2 224.92 -26.5 -0.54 0.035 1743
 1778 2 224.82 -26.44 -0.75 0.035 1777
 1779 2 226.11 -30.25 -1.53 0.035 1778
 1780 2 226.11 -30.33 -1.73 0.035 1779
 1781 2 229.09 -36.26 -1.77 0.035 1780
 1782 2 231.98 -41.16 -3.74 0.035 1781
 1783 2 231.98 -41.16 -3.82 0.035 1782
 1784 2 237.47 -43.68 1.88 0.035 1783
 1785 2 237.57 -43.66 2.49 0.035 1784
 1786 2 240.47 -46.49 3.08 0.035 1785
 1787 2 240.67 -46.54 3.15 0.035 1786
 1788 2 240.87 -46.51 3.15 0.035 1787
 1789 2 245.25 -52.83 3.15 0.035 1788
 1790 2 245.74 -58.06 3.15 0.035 1789
 1791 2 228.02 -23.65 0.74 0.035 1740
 1792 2 227.51 -29.05 -1.73 0.035 1791
 1793 2 227.51 -29.05 -2.24 0.035 1792
 1794 2 227.1 -33.25 -4.01 0.035 1793
 1795 2 226.39 -37.52 -2.99 0.035 1794
 1796 2 226.08 -42.95 0.49 0.035 1795
 1797 2 226.08 -42.95 0.34 0.035 1796
 1798 2 223.46 -47.34 -4.23 0.035 1797
 1799 2 219.96 -47.63 -4.23 0.035 1798
 1800 2 219.96 -47.63 -3.76 0.035 1799
 1801 2 218.66 -50.3 -1.04 0.035 1800
 1802 2 218.66 -50.3 -0.58 0.035 1801
 1803 2 215.05 -54.51 -6.01 0.035 1802
 1804 2 215.05 -54.44 -6.42 0.035 1803
 1805 2 214.44 -58.09 -6.82 0.035 1804
 1806 2 214.94 -57.99 -6.82 0.035 1805
 1807 2 218.44 -57.27 -8.73 0.035 1806
 1808 2 218.04 -57.19 -8.98 0.035 1807
 1809 2 214.74 -55.74 -9.64 0.035 1808
 1810 2 214.54 -55.7 -9.68 0.035 1809
 1811 2 211.55 -53.32 -10.93 0.035 1810
 1812 2 211.75 -53.14 -11.56 0.035 1811
 1813 2 214.95 -52.09 -13.18 0.035 1812
 1814 2 215.77 -6.92 -5.38 0.035 1526
 1815 2 214.86 -8.85 -3.49 0.035 1814
 1816 2 214.86 -8.85 -3.01 0.035 1815
 1817 2 210.66 -9.62 -0.64 0.035 1816
 1818 2 210.66 -9.62 -0.05 0.035 1817
 1819 2 135.69 -38.52 -4.82 0.035 1499
 1820 2 135.79 -38.5 -5.19 0.035 1819
 1821 2 138.08 -40.06 -6.23 0.035 1820
 1822 2 138.18 -40.19 -7.07 0.035 1821
 1823 2 140.28 -39.65 -7.88 0.035 1822
 1824 2 140.28 -39.51 -7.88 0.035 1823
 1825 2 140.89 -38.72 -7.88 0.035 1824
 1826 2 143.29 -35.48 -8.23 0.035 1825
 1827 2 143.19 -35.26 -8.68 0.035 1826
 1828 2 144.2 -32.44 -9.56 0.035 1827
 1829 2 147.3 -33.62 -11.31 0.035 1828
 1830 2 148.11 -30.01 -12.31 0.035 1829
 1831 2 148.11 -30.01 -13.14 0.035 1830
 1832 2 146.51 -29.14 -13.18 0.035 1831
 1833 2 146.51 -29.03 -13.93 0.035 1832
 1834 2 146.22 -26.76 -16.19 0.035 1833
 1835 2 146.22 -26.76 -16.54 0.035 1834
 1836 2 148.32 -25.03 -21.72 0.035 1835
 1837 2 148.32 -25.03 -21.97 0.035 1836
 1838 2 148.81 -27.45 -22.87 0.035 1837
 1839 2 148.71 -27.84 -23.34 0.035 1838
 1840 2 148.51 -28.1 -23.59 0.035 1839
 1841 2 148.31 -29.02 -24.29 0.035 1840
 1842 2 148.31 -29.02 -25.04 0.035 1841
 1843 2 43.89 -107.01 1.52 0.035 1453
 1844 2 45.36 -106.91 -0.1 0.035 1843
 1845 2 45.31 -107.11 -0.1 0.035 1844
 1846 2 44.12 -109.41 2.7 0.035 1845
 1847 2 44.12 -109.41 3.33 0.035 1846
 1848 2 42.33 -109.6 -0.4 0.035 1847
 1849 2 38.49 -109.59 0.6 0.035 1848
 1850 2 38.49 -109.59 1.02 0.035 1849
 1851 2 37.86 -107.09 2.24 0.035 1850
 1852 2 37.94 -107.09 1.52 0.035 1851
 1853 2 34.32 -104.28 0.93 0.035 1852
 1854 2 34.32 -104.28 0.43 0.035 1853
 1855 2 35.04 -101.09 -0.1 0.035 1854
 1856 2 33 -97.67 1.49 0.035 1855
 1857 2 33.4 -92.71 1.27 0.035 1856
 1858 2 33.4 -92.71 0.99 0.035 1857
 1859 2 34.41 -89.8 0.43 0.035 1858
 1860 2 38.22 -81.93 0.12 0.035 1859
 1861 2 40.75 -78.15 -0.4 0.035 1860
 1862 2 41.12 -71.8 -0.4 0.035 1861
 1863 2 41.33 -71.7 -0.4 0.035 1862
 1864 2 46.99 -66.59 -0.4 0.035 1863
 1865 2 50.74 -62.12 0.43 0.035 1864
 1866 2 56.86 -60.38 0.43 0.035 1865
 1867 2 51.15 -55.48 0.69 0.055 1866
 1868 2 50.84 -53.77 0.98 0.055 1867
 1869 2 50.38 -49.51 1.95 0.055 1868
 1870 2 50.26 -48.84 2.64 0.055 1869
 1871 2 45.46 -37.53 2.74 0.055 1870
 1872 2 45.53 -37.29 2.74 0.055 1871
 1873 2 45.74 -37.14 2.74 0.055 1872
 1874 2 47.34 -32.03 3.35 0.055 1873
 1875 2 47.34 -32.03 4.11 0.055 1874
 1876 2 57.57 -60.04 0.05 0.035 1866
 1877 2 57.86 -59.17 -2.33 0.035 1876
 1878 2 61.32 -59.93 -1.49 0.035 1877
 1879 2 61.42 -60.05 -1.49 0.035 1878
 1880 2 62.5 -57.95 -0.99 0.035 1879
 1881 2 62.5 -57.95 -0.44 0.035 1880
 1882 2 65.42 -53.85 2.02 0.035 1881
 1883 2 69.77 -49.93 -0.34 0.035 1882
 1884 2 69.77 -49.93 -0.1 0.035 1883
 1885 2 72.71 -46.37 0.74 0.035 1884
 1886 2 72.84 -46.26 0.74 0.035 1885
 1887 2 75.97 -44.87 0.74 0.035 1886
 1888 2 75.96 -44.79 0.6 0.035 1887
 1889 2 77.65 -40.87 0.6 0.035 1888
 1890 2 79.91 -38.66 -1.33 0.035 1889
 1891 2 80.05 -38.63 -1.53 0.035 1890
 1892 2 85.54 -37.61 -1.57 0.035 1891
 1893 2 90.68 -33.99 -0.31 0.035 1892
 1894 2 97.97 -33.95 0.23 0.035 1893
 1895 2 99.3 -31.57 3.08 0.035 1894
 1896 2 99.55 -31.37 3.49 0.035 1895
 1897 2 99.69 -31.19 3.52 0.035 1896
 1898 2 103.51 -27.39 3.52 0.035 1897
 1899 2 108.51 -27.41 2.83 0.035 1898
 1900 2 108.51 -27.41 2.39 0.035 1899
 1901 2 111.72 -24.37 1.24 0.035 1900
 1902 2 111.72 -24.37 1.09 0.035 1901
 1903 2 112.62 -23.62 1.09 0.035 1902
 1904 2 112.63 -20.14 0.74 0.035 1903
 1905 2 112.14 -17.89 0.74 0.035 1904
 1906 2 112.24 -17.79 0.74 0.035 1905
 1907 2 112.14 -17.58 0.74 0.035 1906
 1908 2 110.45 -15.26 0.88 0.035 1907
 1909 2 110.45 -15.26 1.09 0.035 1908
 1910 2 107.26 -10.7 2.88 0.035 1909
 1911 2 107.16 -10.64 2.45 0.035 1910
 1912 2 106.86 -10.63 2.45 0.035 1911
 1913 2 103.56 -10.13 1.99 0.035 1912
 1914 2 103.56 -10.13 1.59 0.035 1913
 1915 2 100.76 -9.93 4.48 0.035 1914
 1916 2 100.76 -9.93 4.23 0.035 1915
 1917 2 99.59 -6.24 2.99 0.035 1916
 1918 2 99.59 -6.24 2.49 0.035 1917
 1919 2 101.28 -1.49 0.12 0.035 1918
 1920 2 101.08 -0.71 0.62 0.035 1919
 1921 2 101.01 4.63 1.63 0.035 1920
 1922 2 102.51 5.94 1.7 0.035 1921
 1923 2 102.71 5.96 1.13 0.035 1922
 1924 2 106.12 8.39 -0.05 0.035 1923
 1925 2 106.12 8.39 -0.31 0.035 1924
 1926 2 104.93 12.36 -1.62 0.035 1925
 1927 2 104.93 12.66 -1.62 0.035 1926
 1928 2 104.24 16.44 -1.62 0.035 1927
 1929 2 102.05 21.17 -1.66 0.035 1928
 1930 2 98.91 25.91 -3.13 0.035 1929
 1931 2 98.87 26.12 -3.36 0.035 1930
 1932 2 97.65 28.32 -3.36 0.035 1931
 1933 2 97.41 28.44 -3.36 0.035 1932
 1934 2 93.25 30.98 -3.36 0.035 1933
 1935 2 90.82 35.66 -3.49 0.035 1934
 1936 2 87.69 40.93 -4.51 0.035 1935
 1937 2 87.69 40.93 -5.13 0.035 1936
 1938 2 82.21 47.05 -5.88 0.035 1937
 1939 2 82.16 47.34 -5.92 0.035 1938
 1940 2 79.72 54.83 -5.92 0.035 1939
 1941 2 75.03 59.62 -5.98 0.035 1940
 1942 2 74.82 65.11 -7.48 0.035 1941
 1943 2 74.82 65.4 -7.48 0.035 1942
 1944 2 74.16 70.14 -7.48 0.035 1943
 1945 2 74.06 70.7 -7.48 0.035 1944
 1946 2 69.75 76.78 -7.48 0.035 1945
 1947 2 63.26 82.02 -7.51 0.035 1946
 1948 2 59.93 89.58 -8.39 0.035 1947
 1949 2 59.85 90.02 -8.43 0.035 1948
 1950 2 56.86 94.17 -8.43 0.035 1949
 1951 2 53.82 99.85 -9.52 0.035 1950
 1952 2 53.82 99.85 -10.02 0.035 1951
 1953 2 53.86 104.35 -11.22 0.035 1952
 1954 2 52.41 104.65 -10.68 0.035 1953
 1955 2 52.41 104.65 -10.22 0.035 1954
 1956 2 51.18 106.55 -2.33 0.035 1955
 1957 2 51.21 106.85 -2.07 0.035 1956
 1958 2 49.87 112.86 -6.51 0.035 1957
 1959 2 49.92 112.96 -6.13 0.035 1958
 1960 2 49.89 113.16 -6.13 0.035 1959
 1961 2 48.13 116.96 -4.94 0.035 1960
 1962 2 47.94 117.16 -4.36 0.035 1961
 1963 2 47.79 117.56 -4.36 0.035 1962
 1964 2 47.33 118.06 -4.36 0.035 1963
 1965 2 42.9 122.07 -4.07 0.035 1964
 1966 2 42.9 122.07 -4.26 0.035 1965
 1967 2 40.34 125.08 -5.63 0.035 1966
 1968 2 40.25 125.18 -6.01 0.035 1967
 1969 2 39.09 125.88 -6.01 0.035 1968
 1970 2 37.91 126.69 -6.01 0.035 1969
 1971 2 35.11 129 -6.32 0.035 1970
 1972 2 35.11 129 -6.73 0.035 1971
 1973 2 32.92 135.6 -8.68 0.035 1972
 1974 2 31.38 139.4 -7.92 0.035 1973
 1975 2 28.85 147.31 -7.88 0.035 1974
 1976 2 28.75 147.41 -7.88 0.035 1975
 1977 2 28.67 147.91 -7.88 0.035 1976
 1978 2 27.35 151.42 -7.88 0.035 1977
 1979 2 22.83 153.13 -7.88 0.035 1978
 1980 2 22.87 153.23 -7.88 0.035 1979
 1981 2 21.19 158.83 -9.23 0.035 1980
 1982 2 21.11 159.33 -9.72 0.035 1981
 1983 2 20.29 163.63 -10.52 0.035 1982
 1984 2 20.23 164.03 -10.52 0.035 1983
 1985 2 18.41 168.14 -10.89 0.035 1984
 1986 2 18.22 168.34 -10.89 0.035 1985
 1987 2 16.5 171.74 -11.77 0.035 1986
 1988 2 16.5 171.74 -12.18 0.035 1987
 1989 2 15.95 175.64 -15.97 0.035 1988
 1990 2 15.95 175.64 -16.31 0.035 1989
 1991 2 19.12 178.04 -17.47 0.035 1990
 1992 2 19.81 178.73 -17.94 0.035 1991
 1993 2 22.15 183.13 -18.84 0.035 1992
 1994 2 22.28 183.23 -19.12 0.035 1993
 1995 2 24.55 184.12 -20.62 0.035 1994
 1996 2 24.55 184.12 -21.04 0.035 1995
 1997 2 53.82 108.55 -10.39 0.035 1953
 1998 2 53.8 108.75 -10.68 0.035 1997
 1999 2 52.06 115.15 -10.68 0.035 1998
 2000 2 51.92 119.95 -14.02 0.035 1999
 2001 2 51.92 119.95 -14.31 0.035 2000
 2002 2 49.73 122.56 -16.19 0.035 2001
 2003 2 49.73 122.56 -17.22 0.035 2002
 2004 2 48.4 125.76 -17.47 0.035 2003
 2005 2 69.01 58.71 -7.51 0.035 1941
 2006 2 69.01 58.71 -7.92 0.035 2005
 2007 2 118.83 -21.51 1.09 0.035 1903
 2008 2 118.93 -21.48 1.09 0.035 2007
 2009 2 125.04 -16.22 1.09 0.035 2008
 2010 2 129.35 -13.41 1.09 0.035 2009
 2011 2 134.16 -10.61 1.59 0.035 2010
 2012 2 134.16 -10.61 2.02 0.035 2011
 2013 2 138.07 -7.45 2.77 0.035 2012
 2014 2 138.47 -7.29 3.19 0.035 2013
 2015 2 143.17 -4.72 3.27 0.035 2014
 2016 2 143.57 -4.5 3.58 0.035 2015
 2017 2 148.68 -0.89 4.34 0.035 2016
 2018 2 148.68 -0.76 4.4 0.035 2017
 2019 2 148.68 -0.66 4.4 0.035 2018
 2020 2 151.5 2.71 4.4 0.035 2019
 2021 2 157.21 6.5 4.09 0.035 2020
 2022 2 163.32 11.04 4.03 0.035 2021
 2023 2 165.63 11.49 4.69 0.035 2022
 2024 2 168.73 11.94 4.69 0.035 2023
 2025 2 169.73 13.53 4.69 0.035 2024
 2026 2 169.53 13.65 4.69 0.035 2025
 2027 2 169.13 13.63 4.69 0.035 2026
 2028 2 168.63 13.77 4.69 0.035 2027
 2029 2 -2.03 -95.56 -1.99 0.035 896
 2030 2 -4.83 -97.09 -2.92 0.035 2029
 2031 2 -4.83 -97.09 -3.74 0.035 2030
 2032 2 -4.9 -94.38 -4.98 0.035 2031
 2033 2 -4.76 -94.36 -5.42 0.035 2032
 2034 2 -2.13 -93.87 -5.48 0.035 2033
 2035 2 2.53 -92.49 -7.82 0.035 2034
 2036 2 2.74 -92.38 -7.82 0.035 2035
 2037 2 6.29 -90.82 -7.82 0.035 2036
 2038 2 10.64 -88.1 -7.82 0.035 2037
 2039 2 10.53 -87.9 -8.27 0.035 2038
 2040 2 13.23 -81.05 -9.64 0.035 2039
 2041 2 13.23 -81.05 -9.81 0.035 2040
 2042 2 20.37 -72.72 -9.89 0.035 2041
 2043 2 23.13 -71.02 -10.47 0.035 2042
 2044 2 26.35 -65.76 -10.56 0.035 2043
 2045 2 30.29 -61.71 -10.56 0.035 2044
 2046 2 34.58 -56.78 -11.89 0.035 2045
 2047 2 34.9 -56.44 -11.93 0.035 2046
 2048 2 38.66 -52.12 -11.97 0.035 2047
 2049 2 38.8 -52.1 -11.97 0.035 2048
 2050 2 42.85 -47.35 -12.47 0.035 2049
 2051 2 42.99 -47.33 -12.43 0.035 2050
 2052 2 46.69 -42.59 -12.43 0.035 2051
 2053 2 49.52 -34.73 -13.27 0.035 2052
 2054 2 56.16 -24.94 -19.62 0.035 2053
 2055 2 55.99 -24.46 -19.62 0.035 2054
 2056 2 59.01 -17.7 -19.62 0.035 2055
 2057 2 63.98 -11.08 -19.59 0.035 2056
 2058 2 64.24 -10.89 -19.59 0.035 2057
 2059 2 64.99 -10.59 -19.59 0.035 2058
 2060 2 72.22 -6.98 -19.59 0.035 2059
 2061 2 72.47 -6.77 -19.59 0.035 2060
 2062 2 72.75 -6.65 -19.59 0.035 2061
 2063 2 78.62 -1.86 -19.69 0.035 2062
 2064 2 78.62 -1.86 -20.34 0.035 2063
 2065 2 84.66 3.67 -10.89 0.035 2064
 2066 2 84.66 3.67 -10.27 0.035 2065
 2067 2 89.09 9.15 -10.18 0.035 2066
 2068 2 96.96 22.35 -13.22 0.035 2067
 2069 2 97.14 22.9 -13.22 0.035 2068
 2070 2 98.35 27.48 -13.22 0.035 2069
 2071 2 98.4 27.63 -13.22 0.035 2070
 2072 2 98.5 27.86 -13.22 0.035 2071
 2073 2 102.08 34.13 -14.47 0.035 2072
 2074 2 104.89 38.47 -15.47 0.035 2073
 2075 2 104.8 38.82 -15.52 0.035 2074
 2076 2 104.9 38.99 -15.52 0.035 2075
 2077 2 107.51 44.87 -15.56 0.035 2076
 2078 2 107.61 45.17 -15.56 0.035 2077
 2079 2 107.94 55.62 -13.06 0.035 2078
 2080 2 106.04 56.56 -14.68 0.035 2079
 2081 2 103.84 56.76 -11.97 0.035 2080
 2082 2 103.84 56.76 -11.39 0.035 2081
 2083 2 101.95 60.15 -11.56 0.035 2082
 2084 2 101.95 60.23 -11.81 0.035 2083
 2085 2 101.06 63.84 -11.89 0.035 2084
 2086 2 100.86 64 -11.89 0.035 2085
 2087 2 98.75 66.35 -11.89 0.035 2086
 2088 2 98.75 66.35 -11.22 0.035 2087
 2089 2 98.63 70.95 -9.68 0.035 2088
 2090 2 96.26 73.32 -8.14 0.035 2089
 2091 2 93.13 79.46 -11.77 0.035 2090
 2092 2 90.42 83.65 -6.92 0.035 2091
 2093 2 90.42 83.65 -6.57 0.035 2092
 2094 2 88.89 85.08 -6.17 0.035 2093
 2095 2 87.15 87.84 -9.64 0.035 2094
 2096 2 87.15 87.84 -9.97 0.035 2095
 2097 2 84.63 89.07 -10.14 0.035 2096
 2098 2 81.42 89.71 -9.77 0.035 2097
 2099 2 81.27 89.68 -9.43 0.035 2098
 2100 2 80.57 86.03 -9.07 0.035 2099
 2101 2 83.36 82.93 -10.31 0.035 2100
 2102 2 83.51 82.89 -10.31 0.035 2101
 2103 2 90.7 82.68 -10.39 0.035 2102
 2104 2 94.16 83.03 -6.76 0.035 2103
 2105 2 94.25 82.97 -6.76 0.035 2104
 2106 2 98.09 81.86 -7.13 0.035 2105
 2107 2 98.09 81.86 -7.57 0.035 2106
 2108 2 103 77.98 -9.77 0.035 2107
 2109 2 88.85 86.53 -4.76 0.035 2094
 2110 2 88.85 86.53 -3.99 0.035 2109
 2111 2 93.4 88.57 -3.26 0.035 2110
 2112 2 93.54 88.6 -3.26 0.035 2111
 2113 2 98.61 88.72 -2.13 0.035 2112
 2114 2 104.64 96.21 -2.13 0.035 2113
 2115 2 107.46 104.21 -3.99 0.035 2114
 2116 2 109.68 110.6 -3.36 0.035 2115
 2117 2 109.98 110.8 -2.99 0.035 2116
 2118 2 113.69 113.69 -1.44 0.035 2117
 2119 2 113.69 113.69 -1.09 0.035 2118
 2120 2 119.99 115.58 0.23 0.035 2119
 2121 2 119.99 115.58 0.83 0.035 2120
 2122 2 123.9 116.47 1.77 0.035 2121
 2123 2 124.2 116.87 1.77 0.035 2122
 2124 2 124.7 119.66 1.77 0.035 2123
 2125 2 124.79 113.86 -0.88 0.035 2124
 2126 2 110.96 63.64 -11.68 0.035 2079
 2127 2 111.06 63.8 -11.22 0.035 2126
 2128 2 114.58 72.57 -9.47 0.035 2127
 2129 2 114.48 72.92 -9.47 0.035 2128
 2130 2 114.58 73.31 -9.47 0.035 2129
 2131 2 114.68 73.54 -9.47 0.035 2130
 2132 2 116.8 78.58 -9.47 0.035 2131
 2133 2 120.92 87.8 -7.88 0.035 2132
 2134 2 120.92 88.11 -7.51 0.035 2133
 2135 2 121.12 88.82 -7.51 0.035 2134
 2136 2 121.64 95.16 -8.27 0.035 2135
 2137 2 121.74 95.19 -8.27 0.035 2136
 2138 2 120.95 99.87 -10.52 0.035 2137
 2139 2 120.95 99.87 -10.72 0.035 2138
 2140 2 122.96 103.87 -12.14 0.035 2139
 2141 2 122.96 103.87 -12.31 0.035 2140
 2142 2 124.67 108.06 -12.56 0.035 2141
 2143 2 124.57 108.56 -12.56 0.035 2142
 2144 2 124.78 108.86 -12.56 0.035 2143
 2145 2 126 117.26 -12.56 0.035 2144
 2146 2 129.31 121.75 -13.27 0.035 2145
 2147 2 129.22 125.25 -13.56 0.035 2146
 2148 2 129.22 125.85 -13.56 0.035 2147
 2149 2 129.32 126.15 -13.56 0.035 2148
 2150 2 129.63 131.85 -13.81 0.035 2149
 2151 2 129.63 131.85 -14.14 0.035 2150
 2152 2 129.85 138.45 -16.44 0.035 2151
 2153 2 130.37 146.15 -16.44 0.035 2152
 2154 2 129.88 150.05 -16.47 0.035 2153
 2155 2 130.08 150.15 -16.47 0.035 2154
 2156 2 129.98 150.55 -16.47 0.035 2155
 2157 2 128.3 155.86 -16.47 0.035 2156
 2158 2 129.61 162.25 -17.84 0.035 2157
 2159 2 129.61 162.45 -17.84 0.035 2158
 2160 2 132.33 167.14 -17.79 0.035 2159
 2161 2 133.04 174.54 -17.79 0.035 2160
 2162 2 133.05 174.84 -17.94 0.035 2161
 2163 2 133.05 175.04 -17.94 0.035 2162
 2164 2 133.46 179.34 -19.44 0.035 2163
 2165 2 133.46 179.34 -19.62 0.035 2164
 2166 2 134.76 180.54 -21.72 0.035 2165
 2167 2 135.07 183.54 -11.97 0.035 2166
 2168 2 134.88 188.14 -11.93 0.035 2167
 2169 2 134.49 193.64 -15.47 0.035 2168
 2170 2 134.49 193.74 -15.52 0.035 2169
 2171 2 134.69 193.84 -15.52 0.035 2170
 2172 2 134.51 200.64 -15.52 0.035 2171
 2173 2 134.51 200.64 -16.38 0.035 2172
 2174 2 135.02 202.54 -17.72 0.035 2173
 2175 2 135.02 202.54 -18.19 0.035 2174
 2176 2 134.33 207.24 -18.04 0.035 2175
 2177 2 134.33 207.34 -18.04 0.035 2176
 2178 2 134.53 207.84 -18.04 0.035 2177
 2179 2 136.35 214.43 -18.04 0.035 2178
 2180 2 136.16 219.94 -18.04 0.035 2179
 2181 2 136.26 220.04 -18.04 0.035 2180
 2182 2 136.46 220.43 -18.12 0.035 2181
 2183 2 139.09 229.73 -18.97 0.035 2182
 2184 2 138.89 230.73 -18.97 0.035 2183
 2185 2 141.71 240.02 -19.62 0.035 2184
 2186 2 141.71 240.02 -20.09 0.035 2185
 2187 2 144.13 246.21 -20.97 0.035 2186
 2188 2 144.03 246.32 -21.94 0.035 2187
 2189 2 146.14 251.41 -22.97 0.035 2188
 2190 2 146.14 251.61 -23.22 0.035 2189
 2191 2 146.76 257.61 -23.54 0.035 2190
 2192 2 144.98 266.91 -23.54 0.035 2191
 2193 2 147.9 273.01 -23.69 0.035 2192
 2194 2 148 273 -24.69 0.035 2193
 2195 2 149.42 282.3 -25.47 0.035 2194
 2196 2 150.34 288.9 -26.54 0.035 2195
 2197 2 150.34 288.9 -26.87 0.035 2196
 2198 2 153.56 297.79 -28.34 0.035 2197
 2199 2 153.46 298.29 -28.62 0.035 2198
 2200 2 153.46 298.59 -28.62 0.035 2199
 2201 2 154.68 304.09 -29.22 0.035 2200
 2202 2 154.68 304.69 -29.34 0.035 2201
 2203 2 155.38 306.69 -29.34 0.035 2202
 2204 2 156.41 315.48 -29.34 0.035 2203
 2205 2 158.41 317.58 -23.94 0.035 2204
 2206 2 161.13 325.07 -34.45 0.035 2205
 2207 2 163.84 328.46 -31.79 0.035 2206
 2208 2 163.84 328.46 -31.47 0.035 2207
 2209 2 167.85 332.75 -24.54 0.035 2208
 2210 2 167.85 332.75 -24.12 0.035 2209
 2211 2 171.16 336.25 -21.34 0.035 2210
 2212 2 171.16 336.25 -21.04 0.035 2211
 2213 2 175.77 340.53 -14.06 0.035 2212
 2214 2 175.77 340.53 -13.06 0.035 2213
 2215 2 180.48 344.92 -7.48 0.035 2214
 2216 2 180.48 344.92 -6.48 0.035 2215
 2217 2 184.49 349.41 -5.26 0.035 2216
 2218 2 184.49 349.41 -5.63 0.035 2217
 2219 2 193.41 356.49 -8.98 0.035 2218
 2220 2 199.82 359.47 -6.23 0.035 2219
 2221 2 199.82 359.47 -5.88 0.035 2220
 2222 2 203.93 362.46 -13.14 0.035 2221
 2223 2 203.93 362.46 -13.47 0.035 2222
 2224 2 209.14 365.25 -14.72 0.035 2223
 2225 2 209.14 365.25 -15.22 0.035 2224
 2226 2 211.84 368.24 -22.69 0.035 2225
 2227 2 214.66 375.13 -23.62 0.035 2226
 2228 2 214.56 375.33 -24.54 0.035 2227
 2229 2 218.87 379.72 -24.84 0.035 2228
 2230 2 222.69 387.81 -28.62 0.035 2229
 2231 2 222.69 388.11 -28.69 0.035 2230
 2232 2 222.9 388.81 -28.69 0.035 2231
 2233 2 223.3 389.41 -28.69 0.035 2232
 2234 2 226.72 398.6 -28.34 0.035 2233
 2235 2 227.74 403.8 -29.54 0.035 2234
 2236 2 227.84 403.9 -29.62 0.035 2235
 2237 2 232.05 408.69 -32.54 0.035 2236
 2238 2 232.25 408.69 -32.54 0.035 2237
 2239 2 236.86 411.68 -32.54 0.035 2238
 2240 2 236.86 411.68 -32.99 0.035 2239
 2241 2 140.51 201.52 -17.79 0.035 2175
 2242 2 140.37 186.12 -11.97 0.035 2167
 2243 2 140.38 186.32 -11.97 0.035 2242
 2244 2 143.39 192.92 -11.93 0.035 2243
 2245 2 134.31 120.74 -14.47 0.035 2146
 2246 2 134.31 120.74 -13.81 0.035 2245
 2247 2 137.8 118.53 -9.68 0.035 2246
 2248 2 143.49 116.02 -3.94 0.035 2247
 2249 2 143.59 116.02 -3.86 0.035 2248
 2250 2 150.29 114.5 -3.82 0.035 2249
 2251 2 150.29 114.3 -3.82 0.035 2250
 2252 2 150.19 113.2 -5.51 0.035 2251
 2253 2 150.19 113.2 -5.23 0.035 2252
 2254 2 155.08 110.79 -3.08 0.035 2253
 2255 2 160.29 114.27 -5.38 0.035 2254
 2256 2 160.29 114.37 -6.17 0.035 2255
 2257 2 163.09 113.57 -7.48 0.035 2256
 2258 2 163.59 113.66 -7.48 0.035 2257
 2259 2 168.89 114.25 -2.18 0.035 2258
 2260 2 175.99 114.83 -1.62 0.035 2259
 2261 2 176.09 114.93 -1.26 0.035 2260
 2262 2 176.69 115.33 -1.26 0.035 2261
 2263 2 181.9 117.12 -0.99 0.035 2262
 2264 2 187.8 118.6 -0.18 0.035 2263
 2265 2 188.3 118.7 -0.18 0.035 2264
 2266 2 195.41 120.78 0.88 0.035 2265
 2267 2 195.41 120.78 1.34 0.035 2266
 2268 2 197.91 122.48 1.45 0.035 2267
 2269 2 198.51 122.77 1.45 0.035 2268
 2270 2 205.33 128.36 1.02 0.035 2269
 2271 2 205.33 128.36 0.6 0.035 2270
 2272 2 211.23 130.04 1.74 0.035 2271
 2273 2 211.73 130.14 1.74 0.035 2272
 2274 2 216.04 132.43 4.15 0.035 2273
 2275 2 215.84 132.43 4.59 0.035 2274
 2276 2 219.65 135.72 4.78 0.035 2275
 2277 2 225.74 134.9 2.39 0.035 2276
 2278 2 226.04 134.9 2.39 0.035 2277
 2279 2 227.14 135.1 2.39 0.035 2278
 2280 2 233.04 134.99 3.49 0.035 2279
 2281 2 233.04 134.99 3.9 0.035 2280
 2282 2 232.75 137.69 5.15 0.035 2281
 2283 2 232.85 137.69 5.73 0.035 2282
 2284 2 238.85 137.17 5.84 0.035 2283
 2285 2 238.85 136.97 5.84 0.035 2284
 2286 2 239.15 136.97 5.84 0.035 2285
 2287 2 244.95 136.56 5.84 0.035 2286
 2288 2 244.95 136.36 6.15 0.035 2287
 2289 2 250.05 135.84 8.39 0.035 2288
 2290 2 151.57 108.2 -4.76 0.035 2253
 2291 2 151.57 105.5 -4.73 0.035 2290
 2292 2 125.24 96.35 -11.77 0.035 2137
 2293 2 125.24 96.35 -12.02 0.035 2292
 2294 2 1.03 -75.89 1.63 0.035 887
 2295 2 1.03 -75.89 1.88 0.035 2294
 2296 2 0.33 -80.01 2.49 0.035 2295
 2297 2 -1.85 -81.15 2.52 0.035 2296
 2298 2 -4.88 -79.51 2.83 0.035 2297
 2299 2 -4.97 -79.44 2.83 0.035 2298
 2300 2 -7.23 -80.74 3.99 0.035 2299
 2301 2 -7.23 -80.74 4.4 0.035 2300
 2302 2 -9 -78.8 4.73 0.035 2301
 2303 2 -10.65 -78.22 5.98 0.035 2302
 2304 2 -11.29 -78.34 6.03 0.035 2303
 2305 2 -11.56 -79.35 6.09 0.035 2304
 2306 2 -10.34 -76.77 6.78 0.035 2305
 2307 2 -10.13 -76.28 6.78 0.035 2306
 2308 2 -8.53 -70.67 6.78 0.035 2307
 2309 2 -8.64 -70.46 6.78 0.035 2308
 2310 2 -8.87 -70.44 6.78 0.035 2309
 2311 2 -10.31 -69.82 6.75 0.035 2310
 2312 2 -10.38 -69.47 6.75 0.035 2311
 2313 2 -10.32 -69.32 6.75 0.035 2312
 2314 2 -11.14 -68.14 6.75 0.035 2313
 2315 2 12.21 -21.97 0.1 0.035 869
 2316 2 12.72 -21.87 0 0.035 2315
 2317 2 19.24 -24.12 0 0.035 2316
 2318 2 19.34 -24.25 0 0.035 2317
 2319 2 21.72 -25.5 0 0.035 2318
 2320 2 21.76 -25.72 0 0.035 2319
 2321 2 20.91 -25.88 -2.02 0.035 2320
 2322 2 21.05 -25.85 -2.67 0.035 2321
 2323 2 22.88 -26.61 -3.44 0.035 2322
 2324 2 22.91 -26.74 -3.44 0.035 2323
 2325 2 22.55 -27.12 -3.44 0.035 2324
 2326 2 22.32 -27.16 -3.44 0.035 2325
 2327 2 20.97 -28.16 -3.99 0.035 2326
 2328 2 20.98 -28.22 -4.76 0.035 2327