 1 1 0 0 0 4.049 -1
 4 2 -2.64 -0.14 -0.24 0.195 1
 5 2 -4.53 -0.86 -0.06 0.195 4
 6 2 -5.46 -1.92 -0.92 0.195 5
 7 2 -7.01 -3.53 -1.95 0.145 6
 8 2 -8.27 -3.81 -2.83 0.145 7
 9 2 -10.99 -5.03 0.98 0.1 8
 10 2 -13.11 -5.99 1.17 0.1 9
 11 2 -16.07 -6.47 -0.1 0.1 10
 12 2 -18.1 -6.83 0.37 0.1 11
 13 2 -19.42 -6.7 0.42 0.1 12
 14 2 -20.95 -6.63 1.21 0.1 13
 15 2 -24.06 -7.49 -0.48 0.1 14
 16 2 -25.38 -7.33 -0.78 0.1 15
 17 2 -26.9 -7.13 -0.83 0.1 16
 18 2 -29.81 -7.41 -0.96 0.1 17
 19 2 -34.54 -9.64 -2.73 0.1 18
 20 2 -37.79 -9.56 -3.09 0.1 19
 21 2 -39.31 -9.33 -3.48 0.1 20
 22 2 -40.11 -9 -3.57 0.1 21
 23 2 -42.36 -10.01 -3.84 0.1 22
 24 2 -43.78 -10.77 -4 0.1 23
 25 2 -45.18 -11.41 -4.11 0.1 24
 26 2 -46.58 -11.77 -4.24 0.1 25
 27 2 -48.6 -12.17 -4.27 0.1 26
 28 2 -51.46 -12.82 -4.46 0.1 27
 29 2 -53.53 -12.97 -4.82 0.1 28
 30 2 -58.97 -12.29 -4.93 0.05 29
 31 2 -61.82 -12.65 -6.28 0.05 30
 32 2 -63.48 -12.84 -6.39 0.05 31
 33 2 -65.91 -13.38 -6.51 0.05 32
 34 2 -68.94 -14.43 -6.7 0.05 33
 35 2 -71.09 -15.25 -6.85 0.05 34
 36 2 -72.8 -16.29 -7.06 0.05 35
 37 2 -73.87 -17.56 -7.25 0.05 36
 38 2 -74.67 -18.42 -7.37 0.05 37
 39 2 -77.12 -19.35 -7.54 0.05 38
 40 2 -81.6 -20.8 -6.99 0.05 39
 41 2 -87.93 -21.43 -7.05 0.05 40
 42 2 -89.26 -21.6 -6.98 0.05 41
 43 2 -96.26 -20.01 -6.6 0.05 42
 44 2 -98.27 -18.83 -9.76 0.05 43
 45 2 -103.15 -16.87 -7.98 0.05 44
 46 2 -106.06 -15.59 -7.39 0.05 45
 47 2 -109.45 -14.45 -7.27 0.05 46
 48 2 -114.54 -11.39 -6.84 0.05 47
 49 2 -116.83 -9.93 -6.76 0.05 48
 50 2 -121.2 -6.88 -6.94 0.05 49
 51 2 -123.67 -5.01 -7.29 0.05 50
 52 2 -124.64 -3.05 -4.88 0.05 51
 53 2 -125.53 -1.72 -4.63 0.05 52
 54 2 -126.04 -0.13 -3.87 0.05 53
 55 2 -127.46 1.42 -3.09 0.05 54
 56 2 -128.77 2.2 -2.45 0.05 55
 57 2 -129.67 2.42 -2.33 0.05 56
 58 2 -131.19 2.22 -1.89 0.05 57
 59 2 -132.4 2.21 -1.56 0.05 58
 60 2 -134.09 1.96 0.84 0.05 59
 61 2 -135.71 1.62 1.21 0.05 60
 62 2 -136.71 1.37 1.16 0.05 61
 63 2 -138.11 0.58 1.09 0.05 62
 64 2 -140.51 1.78 1.21 0.05 63
 65 2 -145.85 1.62 5.28 0.05 64
 66 2 -148.68 1.95 6.18 0.05 65
 67 2 -150.88 2.15 6.27 0.05 66
 68 2 -153.1 2.22 3.75 0.05 67
 69 2 -154.09 2.28 3.4 0.05 68
 70 2 -156.65 2.92 5.56 0.05 69
 71 2 -157.17 3.1 5.98 0.05 70
 72 2 -158.71 3.68 7.34 0.05 71
 73 2 -160.39 3.99 9.67 0.05 72
 74 2 -161.11 4.14 10.29 0.05 73
 75 2 -162.03 4.29 10.89 0.05 74
 76 2 -162.94 4.28 11.32 0.05 75
 77 2 -164.21 3.87 13.16 0.05 76
 78 2 -167.51 4.35 13.37 0.05 77
 79 2 -169.41 5.4 13.52 0.05 78
 80 2 -170.71 6.33 13.68 0.05 79
 81 2 -172.6 7.02 13.74 0.05 80
 82 2 -172.67 5.71 12.24 0.05 81
 83 2 -172.78 3.55 14.99 0.05 82
 84 2 -173 2.14 15.09 0.05 83
 85 2 -174.6 -0.64 17.18 0.05 84
 86 2 -175.81 -1.82 17.3 0.05 85
 87 2 -176.35 -2.8 18.17 0.05 86
 88 2 -176.67 -3.79 18.33 0.05 87
 89 2 -176.69 -4.32 19.02 0.05 88
 90 2 -176.74 -5.31 20.21 0.05 89
 91 2 -177.37 -4.25 24.06 0.05 90
 92 2 -177.69 -3.26 25.15 0.05 91
 93 2 -178.6 -1.77 25.63 0.05 92
 94 2 -180.6 -1.05 26 0.05 93
 95 2 -182.02 -0.16 26.6 0.05 94
 96 2 -184.04 2.64 27.99 0.05 95
 97 2 -186.55 3.77 28.49 0.05 96
 98 2 -188.25 6.09 29.33 0.05 97
 99 2 -191.64 9.7 29.88 0.05 98
 100 2 -196.18 13.42 31.86 0.05 99
 101 2 -199.49 16.43 30.17 0.05 100
 102 2 -203.71 20.09 31.59 0.05 101
 103 2 -205.71 22.37 32.31 0.05 102
 104 2 -208.35 24.57 33.86 0.05 103
 105 2 -210.5 26.06 35.84 0.05 104
 106 2 -212.63 27.43 37.1 0.05 105
 107 2 -215.37 30.35 38.94 0.05 106
 108 2 -215.87 31.51 39.19 0.05 107
 109 2 -217.06 33 39.41 0.05 108
 110 2 -219.58 35.24 40.51 0.05 109
 111 2 -232.88 47.3 43.67 0.05 110
 112 2 -235.23 49.23 45.5 0.05 111
 113 2 -239.81 55.79 46.79 0.05 112
 114 2 -240.26 58.41 51.92 0.05 113
 115 2 -241.68 60.3 52.79 0.05 114
 116 2 -243.93 61.6 54.64 0.05 115
 117 2 -245.42 62.89 54.69 0.05 116
 118 2 -248.53 65.18 55.64 0.05 117
 119 2 -250.47 68.73 54.71 0.05 118
 120 2 -253.06 71.69 52.47 0.05 119
 121 2 -254.84 73.51 52.33 0.05 120
 122 2 -256.77 77.17 54.22 0.05 121
 123 2 -258.24 81.02 51.29 0.05 122
 124 2 -259.2 83.68 50.86 0.05 123
 125 2 -260.18 86.21 51.07 0.05 124
 126 2 -262.26 88.78 51.17 0.05 125
 127 2 -265.05 90.45 48.22 0.05 126
 128 2 -267.79 92.97 47.24 0.05 127
 129 2 -268.31 94.6 45.08 0.05 128
 130 2 -268.36 96.03 44.25 0.05 129
 131 2 -267.11 97.24 40.08 0.05 130
 132 2 -265.05 99.24 36.04 0.05 131
 133 2 -266.08 100.82 34.43 0.05 132
 134 2 -267.11 101.69 32.41 0.05 133
 135 2 -269.5 100.16 31.8 0.05 134
 136 2 -275 96.63 33.72 0.05 135
 137 2 -276.23 100 29.5 0.05 136
 138 2 -277.73 103.01 30.43 0.05 137
 139 2 -279.05 103.83 28.32 0.05 138
 140 2 -280.11 103.54 26.92 0.05 139
 141 2 -281.91 101.63 26.39 0.05 140
 142 2 -282.48 99.14 24.79 0.05 141
 143 2 -283.86 96.45 23.41 0.05 142
 144 2 -285.51 94.65 21.52 0.05 143
 145 2 -286.69 91.93 20.19 0.05 144
 146 2 -287.22 88.59 22.86 0.05 145
 147 2 -285.77 84.62 20.41 0.05 146
 148 2 -284.57 83.29 19.94 0.05 147
 149 2 -283.49 82.97 17.5 0.05 148
 150 2 -281.98 80.13 19.42 0.05 149
 151 2 -281.8 79.05 19.69 0.05 150
 152 2 -283.53 77.29 17.11 0.05 151
 153 2 -283.41 75.44 16.26 0.05 152
 154 2 -286.03 70.44 18.29 0.05 153
 155 2 -284.6 68.88 16.95 0.05 154
 156 2 -282.44 66.69 14.62 0.05 155
 157 2 -280.94 63.93 13.93 0.05 156
 158 2 -279.94 61.41 13.33 0.05 157
 159 2 -275.29 56.73 10.57 0.05 158
 160 2 -274.37 52.56 11.86 0.05 159
 161 2 -273.33 49.39 9.64 0.05 160
 162 2 -273.22 45.78 5.34 0.05 161
 163 2 -272.38 44.19 3.79 0.05 162
 164 2 -270.69 44.64 1.46 0.05 163
 165 2 -266.81 38.83 3.28 0.05 164
 166 2 -269.41 37.17 2.86 0.05 165
 167 2 -270.52 35.96 2.79 0.05 166
 168 2 -269.96 33.04 0.35 0.05 167
 169 2 -269.25 32 -0.41 0.05 168
 170 2 -264.65 31.33 -3.35 0.05 169
 171 2 -260.82 33.8 -3.61 0.05 170
 172 2 -258.19 34.76 -4.09 0.05 171
 173 2 -257.06 33.77 -5.27 0.05 172
 174 2 -256.33 34.58 -5.85 0.05 173
 175 2 -269.09 40.83 6.18 0.05 165
 176 2 -270.18 42.33 6.25 0.05 175
 177 2 -272.2 43.49 7.12 0.05 176
 178 2 -273.91 45.93 8.03 0.05 177
 179 2 -274.92 48.61 9.17 0.05 178
 180 2 -278.53 54.2 7.91 0.05 179
 181 2 -284.91 59.96 8.87 0.05 180
 182 2 -242.55 61.22 58.3 0.05 116
 183 2 -242.05 61.11 61.01 0.05 182
 184 2 -241.89 61.77 62.37 0.05 183
 185 2 -241.65 61.93 64.31 0.05 184
 186 2 -241.5 62.97 65.86 0.05 185
 187 2 -240.2 63.19 65.95 0.05 186
 188 2 -240.14 63.77 70.43 0.05 187
 189 2 -239.72 64.55 70.13 0.05 188
 190 2 -239.27 64.39 74.5 0.05 189
 191 2 -237.42 62.34 75.22 0.05 190
 192 2 -233.94 62.92 76.22 0.05 191
 193 2 -230.76 63.62 77.02 0.05 192
 194 2 -227.48 64.47 77.69 0.05 193
 195 2 -226.4 64.34 78.41 0.05 194
 196 2 -223.15 66.65 80.58 0.05 195
 197 2 -221.05 68.54 81.17 0.05 196
 198 2 -218.55 68.9 84.19 0.05 197
 199 2 -216.94 68.21 83.67 0.05 198
 200 2 -213.06 67.95 81.39 0.05 199
 201 2 -211.69 67.52 82.15 0.05 200
 202 2 -211.12 66.93 82.8 0.05 201
 203 2 -209.73 65.42 82.83 0.05 202
 204 2 -206.24 64.97 83.17 0.05 203
 205 2 -203.04 66.5 83.44 0.05 204
 206 2 -201.94 65.98 83.43 0.05 205
 207 2 -199.66 66.17 83.95 0.05 206
 208 2 -197.44 66.71 83.56 0.05 207
 209 2 -241.98 64.52 57.08 0.05 187
 210 2 -243.96 62.93 61.82 0.05 209
 211 2 -244.92 62.8 63.4 0.05 210
 212 2 -246.62 63.66 63.88 0.05 211
 213 2 -248.15 64.42 64.81 0.05 212
 214 2 -248.48 63.22 65.47 0.05 213
 215 2 -248.15 62.86 64.36 0.05 214
 216 2 -246.65 61.2 63.98 0.05 215
 217 2 -244.95 59.66 63.49 0.05 216
 218 2 -242.93 56.59 65.04 0.05 217
 219 2 -242.81 55.29 66.94 0.05 218
 220 2 -243.82 53.32 66.82 0.05 219
 221 2 -245.03 52.83 67.03 0.05 220
 222 2 -246.6 54.23 66.53 0.05 221
 223 2 -247.49 54.99 66.36 0.05 222
 224 2 -249.48 56.17 66.23 0.05 223
 225 2 -250.96 58.37 66.45 0.05 224
 226 2 -252.35 59.99 66.58 0.05 225
 227 2 -254.03 61.46 69.13 0.05 226
 228 2 -255.13 62.57 69.39 0.05 227
 229 2 -256.15 63.01 70.1 0.05 228
 230 2 -257.09 63.88 71.65 0.05 229
 231 2 -258.11 64.89 72.27 0.05 230
 232 2 -264.5 70.41 67.54 0.05 231
 233 2 -269.94 71.82 71.9 0.05 232
 234 2 -271.82 71.73 71.52 0.05 233
 235 2 -275.19 71.14 76.17 0.05 234
 236 2 -276.22 70.67 76.8 0.05 235
 237 2 -279.44 69.01 77.02 0.05 236
 238 2 -279.06 66.64 76.86 0.05 237
 239 2 -278.76 65.7 76.5 0.05 238
 240 2 -280.44 63.95 75.43 0.05 239
 241 2 -285.14 61.16 74.59 0.05 240
 242 2 -290.65 55.65 76.43 0.05 241
 243 2 -295 54.58 77.27 0.05 242
 244 2 -299.01 55.71 75.08 0.05 243
 245 2 -301.58 55.59 74.02 0.05 244
 246 2 -307.36 56.02 73.32 0.05 245
 247 2 -311.75 56.26 73.22 0.05 246
 248 2 -315.35 56.8 73.23 0.05 247
 249 2 -320.32 60.55 76.35 0.05 248
 250 2 -322.82 61.91 76.69 0.05 249
 251 2 -327.52 65.09 74.4 0.05 250
 252 2 -329.79 65.45 73.5 0.05 251
 253 2 -332.41 65.12 74.02 0.05 252
 254 2 -336.86 63.01 77.84 0.05 253
 255 2 -338.18 61.25 77.79 0.05 254
 256 2 -339.2 56.51 74.18 0.05 255
 257 2 -341.3 55.11 73.86 0.05 256
 258 2 -342.9 54.51 73.45 0.05 257
 259 2 -346.4 50.8 75.48 0.05 258
 260 2 -349.42 47.87 75.18 0.05 259
 261 2 -352.35 47.28 75.67 0.05 260
 262 2 -354.83 47.77 75.23 0.05 261
 263 2 -358.63 46.78 74.82 0.05 262
 264 2 -362.72 44.45 73.85 0.05 263
 265 2 -366.01 42.47 76 0.05 264
 266 2 -244.23 50.83 66.43 0.05 221
 267 3 2.41 0.39 0.9 0.735 1
 268 3 3.71 0.56 1.84 0.685 267
 269 3 6.04 1.4 0.69 0.54 268
 270 3 7.53 2.72 0.44 0.54 269
 271 3 8.62 4.01 0.43 0.54 270
 272 3 8.87 4.79 0.33 0.54 271
 273 3 8.94 6.84 -0.6 0.49 272
 274 3 9.44 7.72 1.68 0.44 273
 275 3 10.37 8.57 1.9 0.44 274
 276 3 11.72 9.53 2.21 0.44 275
 277 3 12.06 9.74 3.1 0.44 276
 278 3 12.7 12.39 1.99 0.39 277
 279 3 12.23 14.46 2.25 0.34 278
 280 3 13.04 16.09 3 0.34 279
 281 3 13.45 18.08 3.06 0.245 280
 282 3 13.41 18.63 2.73 0.245 281
 283 3 14.45 20.31 2.33 0.245 282
 284 3 15.43 21.02 2.08 0.245 283
 285 3 16.43 21.97 2.02 0.245 284
 286 3 16.07 23.53 1.92 0.195 285
 287 3 15.91 24.11 1.28 0.195 286
 288 3 16.08 25.11 1.01 0.195 287
 289 3 16.42 26.8 0.83 0.195 288
 290 3 16.39 27.96 0.89 0.195 289
 291 3 16.08 28.87 0.94 0.195 290
 292 3 14.98 29.61 0.98 0.195 291
 293 3 14.82 30.51 1.13 0.195 292
 294 3 15.28 32 1.29 0.195 293
 295 3 15.1 32.87 0.65 0.195 294
 296 3 14.41 34.39 0.39 0.195 295
 297 3 13.26 34.93 0.32 0.195 296
 298 3 12.04 37.13 -0.66 0.145 297
 299 3 10.07 39.09 0.42 0.145 298
 300 3 9.53 39.46 0.76 0.145 299
 301 3 8.38 40.5 1.22 0.145 300
 302 3 7.91 41.12 1.4 0.145 301
 303 3 8.04 42.29 1.45 0.145 302
 304 3 7.9 42.97 1.65 0.145 303
 305 3 7.51 43.79 1.8 0.145 304
 306 3 6.91 44.5 2.54 0.145 305
 307 3 6.8 45.9 3.52 0.145 306
 308 3 7.34 47.55 4.14 0.145 307
 309 3 7.02 49.7 2.66 0.145 308
 310 3 6.8 50.78 2.04 0.145 309
 311 3 6.42 51.8 1.66 0.145 310
 312 3 6.53 52.73 1.65 0.145 311
 313 3 7.46 53.63 1.37 0.145 312
 314 3 8.78 53.78 1.36 0.145 313
 315 3 9.16 54.53 0.5 0.145 314
 316 3 9.95 55.45 0.19 0.145 315
 317 3 11.3 55.9 0.21 0.145 316
 318 3 12.18 57.51 0.44 0.145 317
 319 3 12.56 58.39 0.52 0.145 318